8
14 34 122 209 248 98 15 1 
-2.5 -2 -2 -1.5 -1.5 -1.5 -1.5 1.5 
3614 5.5 0.542246 -1
1566 4.5 0.442671 -1
481 2.5 0.385258 -1
3552 5.5 0.347901 -1
3215 2.5 0.32495 -1
3902 3.5 0.28339 -1
3808 5.5 0.277871 -1
2799 2.5 0.264262 -1
1792 16.5 0.269518 1
1023 8.5 0.270228 -1
2160 4.5 0.263809 -1
3459 2.5 0.24832 1
3207 3.5 0.228614 -1
1311 1.5 0.218648 -1
3598 6.5 0.476267 -1
1566 5.5 0.383136 -1
481 2.5 0.344222 -1
3553 6.5 0.301463 -1
3902 2.5 0.289678 -1
3215 2.5 0.256122 -1
3459 1.5 0.27237 1
3009 3.5 0.260912 -1
1023 6.5 0.242616 -1
2544 3.5 0.247577 -1
3808 5.5 0.240894 -1
2047 7.5 0.215594 -1
1280 15.5 0.235299 1
3614 10.5 0.220997 -1
2799 2.5 0.20193 -1
1799 2.5 0.208271 -1
3207 3.5 0.201203 -1
3975 3.5 0.204149 1
2160 5.5 0.221361 -1
255 7.5 0.21644 -1
1912 1.5 0.2057 -1
1294 3.5 0.197796 -1
1791 7.5 0.187245 -1
2753 4.5 0.177451 -1
2503 1.5 0.181178 1
1219 2.5 0.184966 -1
752 2.5 0.174844 -1
1249 2.5 0.164966 1
1927 9.5 0.165187 -1
3388 3.5 0.205785 1
3870 14.5 0.17528 -1
1247 0.5 0.184313 -1
2567 1.5 0.180709 -1
3960 2.5 0.160009 -1
3342 6.5 0.402916 -1
1566 6.5 0.302943 -1
497 1.5 0.292427 -1
3902 3.5 0.259257 -1
3552 4.5 0.283092 -1
3207 3.5 0.258896 -1
3715 2.5 0.270051 1
2799 4.5 0.223692 -1
2160 2.5 0.237648 -1
3809 8.5 0.200142 -1
3128 4.5 0.20892 1
2047 9.5 0.210944 -1
2816 12.5 0.22231 1
3598 12.5 0.189197 -1
752 1.5 0.208887 -1
1311 3.5 0.183818 -1
2243 1.5 0.201237 -1
1791 8.5 0.165972 -1
1799 1.5 0.197232 -1
529 0.5 0.172173 -1
2311 2.5 0.165206 1
2753 5.5 0.160982 -1
3900 1.5 0.162853 -1
3527 0.5 0.155582 1
1023 9.5 0.149362 -1
1052 1.5 0.176199 -1
3215 3.5 0.166903 -1
3184 3.5 0.160885 -1
3975 4.5 0.164415 1
1167 3.5 0.160253 -1
1279 8.5 0.154887 -1
1295 3.5 0.156552 -1
3614 8.5 0.160205 -1
3009 3.5 0.160612 -1
2328 1.5 0.145862 -1
3388 2.5 0.145821 1
3960 1.5 0.141236 -1
481 4.5 0.146197 -1
497 1.5 0.129848 1
759 0.5 0.146814 -1
2503 1.5 0.12855 1
1975 0.5 0.133381 -1
1564 2.5 0.134734 -1
3103 2.5 0.132117 1
1280 9.5 0.135348 1
2561 2.5 0.137481 -1
1919 0.5 0.12976 -1
3087 4.5 0.125963 -1
3310 1.5 0.131136 1
3566 2.5 0.151454 -1
888 1.5 0.130831 -1
4033 4.5 0.122813 -1
1155 4.5 0.142383 1
1219 2.5 0.131267 -1
2160 7.5 0.12823 -1
272 1.5 0.142886 -1
254 1.5 0.125978 1
3132 2.5 0.129249 1
2352 2.5 0.124025 -1
1084 5.5 0.113408 -1
1144 4.5 0.131213 1
3966 1.5 0.128403 -1
3041 6.5 0.118167 -1
1249 5.5 0.118601 1
255 10.5 0.137794 -1
2030 0.5 0.126128 1
2814 1.5 0.115746 -1
3326 1.5 0.110218 1
3870 3.5 0.110801 -1
3871 2.5 0.118283 1
1503 1.5 0.12016 -1
1294 1.5 0.121951 -1
3598 17.5 0.130679 -1
3808 1.5 0.129706 -1
1783 1.5 0.128393 -1
1038 2.5 0.118311 -1
2273 4.5 0.114025 1
1598 4.5 0.12621 -1
2372 0.5 0.11842 1
753 2.5 0.122025 -1
2567 2.5 0.105983 -1
1247 0.5 0.111018 -1
3614 8.5 0.112861 -1
2055 3.5 0.11839 1
993 0.5 0.114374 1
3207 1.5 0.112664 -1
3844 2.5 0.103222 1
1847 0.5 0.119092 -1
1155 7.5 0.121462 1
1799 7.5 0.121838 -1
1912 1.5 0.109072 -1
1535 9.5 0.101256 -1
4079 3.5 0.126934 1
2689 4.5 0.102817 -1
4039 3.5 0.123705 1
1052 10.5 0.112856 -1
1048 3.5 0.121104 1
1310 9.5 0.102586 -1
2529 4.5 0.10996 1
1292 2.5 0.103897 1
3343 9.5 0.103435 -1
2560 15.5 0.123405 1
1023 7.5 0.105299 -1
268 1.5 0.102368 -1
2215 0.5 0.102631 -1
1022 3.5 0.124078 1
3096 4.5 0.120945 -1
790 0.5 0.114103 1
3822 1.5 0.107048 -1
3264 1.5 0.100599 -1
1979 0.5 0.0973418 1
1789 0.5 0.0984432 -1
2288 7.5 0.103155 -1
1543 1.5 0.118865 -1
15 3.5 0.106944 1
112 0.5 0.118274 1
2286 0.5 0.10318 1
3384 1.5 0.106381 1
3047 1.5 0.0987438 1
752 5.5 0.100567 -1
3249 0.5 0.10164 1
2972 0.5 0.114615 -1
3598 8.5 0.319755 -1
481 3.5 0.27195 -1
1566 7.5 0.22717 -1
3459 2.5 0.211525 1
3207 2.5 0.226611 -1
3902 4.5 0.214346 -1
3808 5.5 0.211351 -1
2320 4.5 0.197132 -1
959 1.5 0.19295 -1
2160 2.5 0.186996 -1
3342 11.5 0.176003 -1
753 0.5 0.183914 -1
3009 4.5 0.167837 -1
1023 7.5 0.172366 -1
1799 2.5 0.1728 -1
3614 11.5 0.169861 -1
2561 2.5 0.15522 -1
2936 1.5 0.150877 -1
1183 1.5 0.160324 -1
3552 5.5 0.144395 -1
1791 7.5 0.151214 -1
1310 5.5 0.150339 -1
3132 2.5 0.134084 1
2160 5.5 0.140536 -1
1279 8.5 0.131202 -1
1280 15.5 0.161274 1
2798 1.5 0.150059 -1
2560 12.5 0.148702 1
529 0.5 0.129876 -1
3719 2.5 0.129632 1
3964 1.5 0.143947 -1
4065 4.5 0.127726 -1
3215 2.5 0.126186 -1
2503 1.5 0.122599 1
3870 14.5 0.140812 -1
3871 3.5 0.143387 1
203 0.5 0.123975 -1
2567 1.5 0.139815 -1
2191 1.5 0.129409 1
3315 1.5 0.122201 -1
3388 3.5 0.123547 1
1598 3.5 0.134725 -1
2047 8.5 0.118357 -1
4078 3.5 0.129766 1
3011 9.5 0.135062 -1
1912 1.5 0.122401 -1
3870 7.5 0.119127 -1
1848 4.5 0.126036 1
1919 1.5 0.120793 -1
3783 1.5 0.12466 1
1295 7.5 0.136355 -1
1219 2.5 0.122245 -1
2753 3.5 0.117212 -1
1155 4.5 0.116656 1
255 9.5 0.133061 -1
254 1.5 0.11882 1
272 1.5 0.116954 -1
3960 4.5 0.129589 -1
3576 3.5 0.11895 1
1927 6.5 0.116002 -1
3983 1.5 0.11857 1
2243 3.5 0.108155 -1
2809 1.5 0.119147 1
2352 2.5 0.106912 -1
3103 2.5 0.108787 1
3215 4.5 0.113446 -1
1294 3.5 0.129618 -1
831 1.5 0.114152 -1
3975 5.5 0.110518 1
1499 0.5 0.130107 -1
1276 2.5 0.116011 1
958 0.5 0.123852 -1
3343 4.5 0.109954 -1
752 2.5 0.110104 -1
560 2.5 0.118521 1
1084 8.5 0.114631 -1
2691 4.5 0.114128 1
2328 2.5 0.110374 -1
3902 1.5 0.110327 -1
2015 1.5 0.10994 -1
1144 5.5 0.118226 1
1280 5.5 0.108135 1
3857 1.5 0.127876 1
3566 2.5 0.124912 -1
271 4.5 0.105098 1
352 1.5 0.102996 1
3041 6.5 0.098836 -1
2820 0.5 0.122446 -1
2689 4.5 0.114922 -1
1022 3.5 0.115117 1
3111 0.5 0.10589 -1
2308 2.5 0.109088 1
1217 2.5 0.100044 -1
1249 3.5 0.0970094 1
3966 2.5 0.101892 -1
737 1.5 0.116262 -1
3527 0.5 0.105223 1
3184 3.5 0.0997421 -1
3326 2.5 0.101291 1
3822 1.5 0.116857 -1
4033 1.5 0.10525 -1
3071 7.5 0.10093 -1
2304 12.5 0.113747 1
1979 0.5 0.0995306 1
1535 11.5 0.102305 -1
3249 0.5 0.117026 1
951 0.5 0.102596 -1
2273 6.5 0.103622 1
3839 4.5 0.11061 1
2055 3.5 0.0984956 1
895 1.5 0.112869 -1
324 0.5 0.101296 1
888 3.5 0.0983841 -1
519 1.5 0.0959423 -1
1309 0.5 0.105689 -1
3614 4.5 0.104099 -1
3592 0.5 0.097855 -1
2563 1.5 0.0965401 -1
1564 4.5 0.0987195 -1
1920 0.5 0.101042 -1
2175 0.5 0.0998007 -1
2291 1.5 0.0987826 -1
1551 2.5 0.0949675 -1
763 0.5 0.102835 1
3196 1.5 0.0951344 1
3073 2.5 0.102735 1
2558 3.5 0.101812 -1
1820 1.5 0.0996393 -1
1847 0.5 0.10258 -1
2326 0.5 0.108283 1
1783 0.5 0.0969687 -1
1799 7.5 0.104726 -1
2945 3.5 0.105997 1
2299 2.5 0.098512 -1
3140 0.5 0.0987712 1
1566 15.5 0.118056 -1
1088 0.5 0.104366 -1
952 0.5 0.109818 -1
4081 4.5 0.0953159 1
4089 1.5 0.11008 -1
3343 9.5 0.0991115 -1
3975 3.5 0.107914 1
1919 0.5 0.09694 -1
1983 0.5 0.100484 1
2624 3.5 0.10284 1
1925 0.5 0.0964483 -1
385 2.5 0.101634 1
1167 1.5 0.0910008 -1
1295 18.5 0.100185 -1
2311 3.5 0.106537 1
2039 0.5 0.095404 -1
3553 6.5 0.0904029 -1
719 1.5 0.0906057 1
1483 0.5 0.0972621 -1
790 0.5 0.10257 1
672 0.5 0.0889606 -1
608 3.5 0.100994 1
2160 12.5 0.097745 -1
1729 0.5 0.113359 -1
2814 2.5 0.0942288 -1
2286 0.5 0.0944225 1
3523 0.5 0.0877688 1
3842 0.5 0.0925079 -1
1243 0.5 0.0965336 -1
4088 0.5 0.106268 -1
2288 10.5 0.0948611 -1
3296 11.5 0.0969591 1
1079 0.5 0.101915 -1
3839 10.5 0.110023 1
4093 2.5 0.102155 -1
2942 2.5 0.110234 1
2267 0.5 0.100593 -1
3775 1.5 0.101093 1
3576 1.5 0.0827534 1
3103 2.5 0.0883682 1
1310 10.5 0.0880911 -1
3614 1.5 0.0999658 -1
2492 0.5 0.0994333 -1
3832 0.5 0.0967469 -1
2064 3.5 0.0875643 -1
2332 1.5 0.0859996 -1
3356 2.5 0.0879124 1
256 5.5 0.0966523 1
1991 4.5 0.116632 1
1799 6.5 0.0919009 -1
2876 1.5 0.0934452 -1
509 0.5 0.0872807 -1
1467 0.5 0.0885044 1
195 5.5 0.0918416 -1
1155 7.5 0.0955704 1
3087 10.5 0.108227 -1
1292 2.5 0.088429 1
1084 2.5 0.084008 -1
1517 0.5 0.0937213 -1
1543 1.5 0.0966527 -1
2834 0.5 0.095304 -1
1276 2.5 0.0978844 1
0 62.5 0.0942795 -1
387 6.5 0.107024 1
4032 2.5 0.0888751 -1
302 0.5 0.0881686 1
2957 0.5 0.0940954 -1
3609 0.5 0.0973771 1
3072 5.5 0.0945904 1
4081 4.5 0.105215 1
1854 2.5 0.0887327 -1
2328 1.5 0.0822207 -1
2428 1.5 0.0857438 1
3873 0.5 0.0914518 -1
3342 6.5 0.273381 -1
3900 2.5 0.252922 -1
481 5.5 0.227524 -1
2616 2.5 0.223938 1
1566 9.5 0.212795 -1
3009 3.5 0.174909 -1
3598 13.5 0.189331 -1
3715 4.5 0.19806 1
3207 5.5 0.176413 -1
1023 4.5 0.176519 -1
3568 7.5 0.162473 -1
736 2.5 0.164628 -1
3065 1.5 0.152141 -1
2306 1.5 0.152473 1
3566 2.5 0.163762 -1
784 4.5 0.151537 1
3870 15.5 0.166258 -1
3264 1.5 0.150744 -1
1807 1.5 0.13418 -1
2047 9.5 0.149538 -1
1084 3.5 0.14006 -1
2567 1.5 0.131085 -1
3041 6.5 0.147104 -1
529 0.5 0.139408 -1
2243 1.5 0.142447 -1
641 2.5 0.1269 1
1311 6.5 0.134551 -1
3388 5.5 0.149838 1
3215 4.5 0.155185 -1
759 0.5 0.131869 -1
2499 6.5 0.129209 1
2296 5.5 0.15638 -1
2759 2.5 0.131148 1
3960 2.5 0.134908 -1
2542 0.5 0.116954 -1
4 1.5 0.114032 -1
3630 0.5 0.124814 -1
2332 0.5 0.129713 -1
1914 0.5 0.130264 -1
2336 0.5 0.123388 -1
2304 8.5 0.123776 1
3824 1.5 0.118201 -1
1214 0.5 0.129714 -1
1249 3.5 0.111485 1
3822 1.5 0.113446 -1
752 1.5 0.113876 -1
2816 11.5 0.115459 1
3966 2.5 0.12316 -1
3857 1.5 0.129027 1
1279 9.5 0.135999 -1
1038 3.5 0.124091 -1
3452 0.5 0.113947 1
2191 1.5 0.11031 1
1848 3.5 0.108334 1
888 2.5 0.120145 -1
3342 15.5 0.116581 -1
4078 3.5 0.138806 1
3122 0.5 0.139481 -1
3844 2.5 0.12638 1
560 1.5 0.111247 1
1223 0.5 0.108431 -1
1402 0.5 0.116135 -1
1051 0.5 0.121296 1
2563 1.5 0.108471 -1
28 4.5 0.108565 -1
1144 4.5 0.110487 1
3616 1.5 0.116798 -1
3342 2.5 0.112602 -1
2168 7.5 0.128288 -1
1798 4.5 0.107605 1
2215 0.5 0.136858 -1
3192 0.5 0.116313 -1
2814 2.5 0.113255 -1
1564 2.5 0.111096 -1
1916 0.5 0.116054 1
3128 3.5 0.120467 1
2177 2.5 0.109127 1
3902 8.5 0.140194 -1
3521 5.5 0.127853 1
2807 1.5 0.108972 -1
1264 6.5 0.115324 1
1280 5.5 0.122549 1
2273 5.5 0.121437 1
1406 0.5 0.10226 -1
112 0.5 0.10015 1
1404 3.5 0.11521 1
1103 0.5 0.113843 -1
562 0.5 0.11572 1
3374 0.5 0.106135 -1
312 0.5 0.108464 -1
1279 1.5 0.113219 1
1031 0.5 0.124278 -1
1803 0.5 0.106144 -1
497 0.5 0.111408 -1
3168 1.5 0.102419 -1
4065 7.5 0.103909 -1
2447 2.5 0.10979 1
4081 0.5 0.11727 1
3087 1.5 0.118958 -1
1521 0.5 0.101827 -1
3902 6.5 0.118313 -1
1360 0.5 0.120218 1
3936 3.5 0.1057 -1
816 2.5 0.11428 1
24 1.5 0.101698 1
268 1.5 0.105057 -1
524 2.5 0.105893 1
2753 5.5 0.103315 -1
3440 4.5 0.102411 1
3880 0.5 0.10268 -1
1001 0.5 0.115603 1
3809 8.5 0.108755 -1
3598 3.5 0.102062 -1
1060 0.5 0.111758 -1
3086 5.5 0.112112 1
2574 2.5 0.0989854 -1
3313 0.5 0.0954294 1
3327 11.5 0.129475 1
2143 0.5 0.129133 -1
2572 2.5 0.123674 1
4093 1.5 0.103018 -1
2315 0.5 0.118563 1
2939 0.5 0.1111 -1
1529 1.5 0.113111 1
4048 0.5 0.0982088 -1
2580 0.5 0.110513 1
3064 2.5 0.10088 -1
192 2.5 0.0986412 1
247 0.5 0.113235 -1
255 2.5 0.0995364 1
3040 10.5 0.127654 1
2872 1.5 0.108153 1
1048 3.5 0.0960714 1
3308 0.5 0.113398 -1
3425 0.5 0.100795 1
2806 0.5 0.09973 -1
3140 0.5 0.103472 1
62 3.5 0.101125 -1
4089 0.5 0.0974712 -1
3848 1.5 0.0967227 -1
1088 0.5 0.0981371 -1
1279 2.5 0.109617 1
3456 2.5 0.106187 1
2035 1.5 0.105697 -1
3118 0.5 0.100281 1
3779 1.5 0.105063 1
2783 0.5 0.0939138 -1
1550 5.5 0.102061 -1
1279 8.5 0.10149 -1
2942 1.5 0.106689 1
1564 4.5 0.101838 -1
1548 3.5 0.101148 1
2972 0.5 0.115891 -1
201 0.5 0.115546 1
2189 0.5 0.107838 -1
634 0.5 0.111421 1
3870 7.5 0.0963343 -1
752 2.5 0.107685 -1
519 3.5 0.0973271 -1
3080 0.5 0.0987406 -1
830 2.5 0.0931425 1
1438 0.5 0.0996808 -1
2326 0.5 0.100054 1
1023 0.5 0.106226 1
238 1.5 0.122364 1
3041 6.5 0.100221 -1
3067 2.5 0.101731 -1
1340 4.5 0.104495 1
3207 3.5 0.0916943 -1
3356 2.5 0.0968681 1
3523 0.5 0.0996071 1
3777 0.5 0.108662 -1
1280 5.5 0.108226 1
641 3.5 0.11059 1
2558 4.5 0.0989343 -1
1923 1.5 0.107666 -1
1923 5.5 0.103416 1
3087 14.5 0.127408 -1
319 2.5 0.103384 1
1567 6.5 0.105213 -1
1376 0.5 0.097102 -1
2279 0.5 0.0938118 1
385 0.5 0.100744 -1
3962 0.5 0.0957754 -1
2811 3.5 0.119386 1
3503 0.5 0.103616 -1
2560 14.5 0.102596 1
3579 0.5 0.101018 1
2529 3.5 0.101734 1
1776 6.5 0.0979258 1
3287 0.5 0.114627 -1
358 0.5 0.116056 1
3315 2.5 0.107827 -1
272 1.5 0.108164 -1
3846 2.5 0.0975427 -1
3871 4.5 0.115786 1
767 2.5 0.103689 1
3600 1.5 0.104458 -1
2168 3.5 0.0987837 -1
511 10.5 0.102566 -1
2112 5.5 0.116306 1
3569 1.5 0.102769 1
831 0.5 0.0961124 -1
3358 6.5 0.0973424 -1
1219 2.5 0.0992288 -1
3552 5.5 0.096789 -1
3152 0.5 0.09759 -1
2820 0.5 0.11671 -1
1799 8.5 0.101102 -1
3388 5.5 0.108418 1
1118 0.5 0.104231 -1
480 2.5 0.104263 -1
2822 2.5 0.100817 1
3326 1.5 0.101056 1
2838 0.5 0.101431 -1
3009 0.5 0.110313 -1
1181 0.5 0.106904 -1
3975 2.5 0.105838 1
2310 1.5 0.0899572 1
1912 2.5 0.0985578 -1
892 0.5 0.0930707 1
3855 9.5 0.0974952 1
255 0.5 0.103911 1
3296 12.5 0.112838 1
3839 5.5 0.0978599 1
1023 9.5 0.117771 -1
482 0.5 0.0982939 1
1415 6.5 0.0913761 -1
296 0.5 0.100001 1
1406 1.5 0.101393 -1
1679 2.5 0.0953067 1
4080 3.5 0.090032 1
3788 0.5 0.0932929 1
1295 17.5 0.119582 -1
2561 1.5 0.100902 -1
780 1.5 0.0942008 -1
2076 2.5 0.0895979 1
1030 2.5 0.0873935 -1
1055 5.5 0.08987 1
1280 5.5 0.104327 1
3456 2.5 0.102735 1
2047 8.5 0.0924125 -1
3263 2.5 0.0912947 1
1483 0.5 0.106846 -1
1310 2.5 0.0979472 -1
1927 7.5 0.0954261 -1
2017 0.5 0.0960257 -1
381 0.5 0.0960618 -1
3615 2.5 0.278067 -1
481 2.5 0.270595 -1
2816 13.5 0.251769 1
3065 1.5 0.262432 -1
2620 2.5 0.248255 1
1567 7.5 0.212637 -1
1776 9.5 0.227718 1
3598 13.5 0.222855 -1
2177 2.5 0.218518 1
1217 1.5 0.199321 -1
3100 1.5 0.205783 1
515 3.5 0.199246 1
3041 6.5 0.223936 -1
1017 0.5 0.200725 -1
3096 1.5 0.195459 -1
3264 1.5 0.212584 -1
16 3.5 0.210686 1
415 0.5 0.210714 1
540 4.5 0.196929 1
903 3.5 0.180214 -1
3779 1.5 0.18894 1
3960 3.5 0.188418 -1
18 0.5 0.184171 1
560 2.5 0.179893 1
1703 0.5 0.219025 -1
736 1.5 0.202687 -1
3870 14.5 0.166649 -1
1249 9.5 0.22495 1
2531 0.5 0.216136 1
3559 0.5 0.189182 -1
1784 0.5 0.187845 -1
927 0.5 0.193922 -1
151 0.5 0.190164 -1
1796 4.5 0.216201 1
2558 2.5 0.189104 -1
3311 1.5 0.186145 1
3505 0.5 0.195616 1
2880 3.5 0.195137 -1
3832 0.5 0.203331 -1
3248 0.5 0.169139 -1
2695 7.5 0.2149 1
1040 2.5 0.17111 1
1731 2.5 0.17392 -1
2191 1.5 0.17653 1
1763 1.5 0.180588 1
258 0.5 0.175769 -1
3936 3.5 0.179681 -1
144 0.5 0.207429 1
511 5.5 0.203793 -1
1406 1.5 0.171039 -1
4091 2.5 0.192162 1
3207 3.5 0.180244 -1
391 2.5 0.184224 1
1294 12.5 0.179254 -1
824 1.5 0.205919 -1
1539 2.5 0.194194 1
3816 0.5 0.169479 1
3459 0.5 0.184717 1
2753 3.5 0.181424 -1
2079 0.5 0.171708 -1
891 0.5 0.188441 -1
1155 7.5 0.196112 1
1409 1.5 0.179981 -1
2305 2.5 0.159493 1
231 0.5 0.161284 -1
3592 0.5 0.163723 -1
1656 2.5 0.175552 -1
1056 1.5 0.164923 1
759 0.5 0.174231 -1
3835 1.5 0.171232 1
505 0.5 0.165974 1
923 0.5 0.16634 1
2748 0.5 0.174129 -1
239 4.5 0.215894 1
1925 0.5 0.183146 -1
1283 3.5 0.172942 1
2816 11.5 0.185217 1
2559 6.5 0.193103 -1
3329 2.5 0.165946 -1
1415 2.5 0.17067 -1
1376 0.5 0.179886 -1
1923 4.5 0.165619 1
3580 2.5 0.167339 -1
269 1.5 0.206761 1
3024 0.5 0.189741 -1
4078 1.5 0.19154 1
263 2.5 0.170606 1
1295 7.5 0.169941 -1
2320 3.5 0.166977 -1
1766 0.5 0.180737 1
3808 8.5 0.162046 -1
195 1.5 0.161505 -1
243 0.5 0.166879 1
255 5.5 0.184112 -1
3473 0.5 0.170268 1
2369 0.5 0.198118 -1
846 0.5 0.176732 1
2177 0.5 0.163788 1
3840 11.5 0.666483 1
2979 1.5 0.615404 1
771 2.5 0.5116 1
2306 1.5 0.542947 1
302 0.5 0.581724 1
3327 3.5 0.498414 -1
1566 3.5 0.523438 -1
4003 0.5 0.524768 1
769 3.5 0.545318 1
131 6.5 0.606215 1
3960 3.5 0.521708 -1
1282 3.5 0.476935 1
3345 0.5 0.548102 1
592 0.5 0.434992 1
2542 0.5 0.570901 -1
1025 17.5 inf 1
