4
5 176 1089 6 
-1 0 0 0 
2 4.86448 1.08697 -1
19 0.617443 0.333066 1
1 4.21575 0.332239 1
13 0.609231 0.228865 1
3 2.35726 0.196837 1
2 5.34894 0.946328 -1
10 1.10796 0.319628 1
14 0.454635 0.261243 1
1 3.25276 0.255349 1
7 1.12868 0.21331 1
20 0.481038 0.174173 1
2 8.06144 0.155007 -1
5 1.89795 0.166224 1
16 0.418367 0.115884 1
1 5.87766 0.112483 1
19 0.21911 0.127673 1
2 5.34999 0.116175 1
2 4.15907 0.151843 -1
2 5.34999 0.0971139 1
2 6.77919 0.139714 -1
2 5.34999 0.104036 1
2 3.50737 0.0916031 -1
10 1.11441 0.0919683 -1
16 1.0078 0.0959552 1
3 1.05666 0.100522 1
14 0.457028 0.0933288 -1
11 0.71243 0.0800382 1
0 7.26432e-07 0.0763885 1
6 1.4015 0.0684788 -1
4 1.51907 0.0676934 1
7 0.948155 0.065849 -1
11 1.31251 0.0693418 1
23 0.404652 0.0812568 1
20 0.517677 0.0712583 -1
19 0.622883 0.0580108 -1
12 0.90195 0.0709952 1
18 0.299223 0.0609279 1
2 5.34999 0.075473 1
2 6.84021 0.079672 -1
1 7.17539 0.0948824 1
20 0.0773288 0.0786784 1
5 2.49311 0.0702671 1
9 1.77581 0.0763722 -1
18 1.17255 0.0696726 1
12 1.36752 0.0695209 -1
14 1.129 0.0650379 1
2 6.4452 0.0635415 -1
38 5.3617 0.0640325 1
4 2.0942 0.0508228 -1
8 1.10452 0.0559644 1
2 6.4452 0.0475711 -1
17 1.03592 0.0632006 1
9 1.27773 0.0575255 -1
14 0.441448 0.0511027 -1
5 1.05178 0.0451746 1
16 0.478942 0.0441177 -1
16 0.69793 0.0582437 1
1 1.27496 0.0540307 1
5 2.60814 0.0578231 1
4 2.80548 0.0530978 -1
11 1.37227 0.051047 1
2 7.00563 0.0498868 -1
1 3.27325 0.0518621 -1
1 6.12712 0.0539911 1
9 2.04924 0.0532047 -1
20 0.321936 0.0504172 -1
18 1.18741 0.0428321 1
10 0.266406 0.0515299 1
3 2.84021 0.0440796 1
13 0.605009 0.0451503 -1
13 0.274895 0.0468079 1
13 1.07498 0.0518874 1
12 1.36752 0.0478639 -1
5 3.08885 0.0478775 1
6 0.278253 0.0503903 1
1 7.62113 0.0471267 1
7 0.398966 0.0478498 1
12 1.05089 0.0386111 1
19 0.622883 0.0464876 -1
19 0.465249 0.0387805 1
11 0.631707 0.0412489 -1
15 0.506444 0.0350037 1
20 1.0484 0.0375493 1
5 1.79706 0.0461165 -1
5 2.49311 0.0347923 1
1 1.09157 0.0505296 1
7 1.70647 0.0427599 1
7 1.11289 0.0506452 -1
4 1.11233 0.0332124 1
5 3.08885 0.0362178 1
12 1.67851 0.0446394 -1
10 1.53053 0.0426667 1
10 1.12677 0.0484872 -1
10 1.40164 0.0371563 1
2 7.00563 0.0401491 -1
38 5.3617 0.0421279 1
2 4.10147 0.0437121 -1
1 4.06652 0.0368622 -1
16 0.478942 0.0399639 -1
12 0.404573 0.0319365 1
17 1.37109 0.0380906 1
1 2.23984 0.0435359 1
1 2.8491 0.0363808 -1
13 0.605009 0.0375133 -1
3 1.73666 0.031861 -1
9 0.775711 0.0344501 1
19 0.565486 0.0296668 -1
7 1.70647 0.0325286 1
9 2.07625 0.0404543 -1
6 2.85777 0.0416463 1
2 7.75686 0.0399758 -1
38 5.3617 0.0398665 1
2 5.97344 0.0360173 -1
5 2.49311 0.0417921 1
9 2.04924 0.0367403 -1
11 1.37227 0.0372011 1
20 0.836126 0.0360202 -1
20 1.0484 0.0316223 1
20 0.108961 0.038412 1
3 3.01419 0.0290549 1
12 1.36274 0.034377 -1
14 1.10044 0.0345634 1
10 0.492509 0.0318447 1
20 0.345664 0.030272 -1
10 0.924154 0.0286895 -1
16 0.706308 0.0296038 1
6 1.62519 0.027827 -1
6 2.37652 0.0299767 1
1 1.50721 0.0354807 1
13 1.05898 0.0312616 1
4 2.80548 0.0310336 -1
17 1.37109 0.0332182 1
12 1.80502 0.0350893 -1
1 7.62113 0.0353738 1
6 0.275285 0.0337477 1
19 1.07852 0.0332023 1
19 1.36214 0.0308232 -1
5 3.08885 0.033093 1
2 7.73456 0.0340615 -1
14 0.480191 0.03214 -1
12 1.07284 0.0260868 1
14 0.273879 0.0326981 1
20 1.17067 0.0290718 1
12 1.36274 0.0312269 -1
10 1.53053 0.0304741 1
10 1.19563 0.0309173 -1
10 1.40164 0.0268132 1
15 1.59528 0.0314485 -1
18 1.21253 0.0314553 1
5 0.521091 0.0299996 1
6 0.688757 0.0269416 -1
2 2.3116 0.0238601 1
2 3.50737 0.0258912 -1
2 4.87001 0.0258729 1
2 4.43789 0.0265752 -1
2 4.87001 0.0232182 1
2 5.97344 0.0275453 -1
5 3.08885 0.0281913 1
6 0.275285 0.0320759 1
8 0.347433 0.0283561 -1
10 0.592486 0.0259371 1
19 0.622883 0.0243352 -1
19 1.00571 0.0261905 1
9 2.07625 0.0283778 -1
1 8.0124 0.0279804 1
16 0.198923 0.0287535 1
2 5.36693 0.0253696 1
2 5.79737 0.0242968 -1
5 3.08885 0.0265715 1
15 1.59528 0.0280629 -1
17 1.51541 0.0270985 1
12 1.80502 0.0268274 -1
16 1.01381 0.0262116 1
16 0.911667 0.0257854 -1
1 3.27325 0.0229096 -1
1 5.86521 0.0240126 1
17 0.205733 0.024739 1
17 0.396085 0.023805 -1
17 0.539534 0.0216301 1
17 0.893353 0.0209285 -1
5 3.08885 0.0272063 1
2 6.96729 0.597762 -1
19 0.620736 0.486484 1
13 0.712468 0.252017 1
1 2.17441 0.248562 1
9 0.92769 0.159055 1
1 3.94198 0.14201 1
2 3.62557 0.185892 1
3 2.21192 0.165442 1
19 0.611055 0.103942 -1
14 0.691584 0.131618 1
2 2.63104 0.100923 1
6 1.94295 0.134306 1
2 5.9379 0.101509 -1
5 1.52493 0.113515 1
2 2.63104 0.0845834 1
1 4.89773 0.117445 1
16 0.233926 0.0794298 1
13 1.17277 0.0890513 1
2 2.4761 0.0889859 1
15 1.07586 0.0879425 1
11 0.614402 0.082324 -1
20 0.214877 0.0673098 1
18 0.233627 0.0780125 -1
1 1.09157 0.0720223 1
19 0.857151 0.0802876 1
19 0.622782 0.0868474 -1
12 0.639598 0.0733429 1
3 1.92765 0.0600396 -1
15 0.647587 0.0631497 1
13 0.380956 0.0614425 -1
2 2.4761 0.0683341 1
8 0.347433 0.0716921 -1
9 0.385925 0.0653665 1
8 1.22048 0.0642023 1
5 1.89535 0.0655665 -1
6 0.24346 0.067087 -1
3 0.618413 0.0661076 1
19 0.803641 0.0608213 1
17 0.416991 0.0618984 -1
1 1.51983 0.0543654 1
1 2.05435 0.0717448 -1
1 1.51983 0.0548186 1
4 0.950763 0.0643253 -1
6 1.43362 0.0594264 1
6 1.63933 0.0465534 -1
5 2.53676 0.0524314 1
16 0.151537 0.0680791 1
19 0.194852 0.0639472 -1
11 0.303953 0.0532609 1
10 0.333291 0.0520998 -1
10 0.703263 0.0475995 1
10 1.22306 0.0580405 -1
14 1.12177 0.0616374 1
7 1.16573 0.0603143 -1
7 0.762344 0.0571739 1
7 0.616897 0.0524978 -1
7 1.8899 0.0431067 1
2 2.85398 0.0652137 1
13 1.07852 0.0505319 1
2 8.08608 0.0560517 -1
6 0.24346 0.0520649 -1
12 1.37459 0.056126 -1
5 2.61128 0.0544092 1
19 0.105105 0.0557807 1
3 3.03617 0.053304 1
7 0.286822 0.0488514 1
1 1.70921 0.0514733 -1
14 0.508197 0.0510893 -1
14 0.322939 0.0512305 1
1 4.52682 0.0481097 1
6 1.39402 0.0511303 1
8 1.67419 0.0460222 -1
7 1.8899 0.0567204 1
5 1.93399 0.0502705 -1
5 2.61128 0.0492666 1
20 0.0814796 0.0550559 1
19 0.181714 0.0430606 -1
17 0.22909 0.0442436 1
6 0.593765 0.0414171 -1
19 0.105105 0.0422382 1
5 3.31163 0.0474357 1
10 1.19355 0.0480984 -1
17 0.845079 0.0462735 1
19 0.62806 0.0446916 -1
19 0.803641 0.0425344 1
1 1.23967 0.0461413 1
12 0.472098 0.0443089 -1
5 1.38497 0.0414433 1
5 1.59705 0.0412732 -1
12 1.02292 0.046952 1
7 1.16573 0.0453924 -1
7 0.983817 0.0424557 1
8 0.652645 0.0361792 1
8 0.347433 0.0453581 -1
2 3.89563 0.0503103 1
2 5.79588 0.0425452 -1
18 0.236534 0.0460609 -1
12 0.36069 0.0434153 1
13 0.220765 0.0441334 -1
18 0.13897 0.0412708 1
1 1.96567 0.0425047 -1
1 1.51983 0.0384329 1
5 3.31163 0.0469404 1
8 1.67419 0.0487002 -1
13 1.16426 0.0458145 1
12 1.36706 0.041982 -1
6 0.24346 0.0452769 -1
16 0.151537 0.0420966 1
5 2.72504 0.0397209 1
16 1.39501 0.0408947 -1
20 0.0425043 0.0407889 -1
3 1.48873 0.0375154 1
3 1.92765 0.0492078 -1
15 0.415558 0.0360187 -1
15 0.569042 0.0454882 1
0 1.30385e-06 0.035742 -1
2 5.29533 0.0371384 1
17 0.401859 0.0384141 -1
3 1.48873 0.0355876 1
3 1.24328 0.0479941 -1
2 8.04632 0.0425819 -1
0 2.49594e-06 0.0424755 1
3 1.48873 0.0377331 1
3 1.24328 0.0368673 -1
19 0.105105 0.0414356 1
20 1.04005 0.0418321 1
7 1.16573 0.0390789 -1
5 1.38497 0.0350069 1
5 1.12101 0.0364904 -1
12 0.462039 0.0311611 -1
8 0.652645 0.0379954 1
8 0.861398 0.0329661 -1
8 0.997986 0.0445711 1
8 0.861398 0.0354363 -1
16 0.699707 0.0359973 1
2 1.25613 0.0416189 1
7 1.8899 0.0458894 1
8 0.156677 0.0412915 1
17 1.02066 0.0418861 1
14 0.826869 0.0361892 -1
14 1.07639 0.0394546 1
16 1.39501 0.0453704 -1
5 3.31163 0.0399794 1
14 0.0921666 0.0409592 1
5 3.31163 0.0382964 1
5 1.93399 0.0401725 -1
5 1.38497 0.0401335 1
3 1.50334 0.031891 1
3 0.992806 0.0347634 -1
2 5.94768 0.0313205 -1
2 7.42472 0.0367157 1
15 1.59183 0.0412356 -1
8 0.255283 0.0366117 -1
8 0.510707 0.03517 1
8 0.40513 0.0296373 -1
2 7.73456 0.0354763 -1
2 7.42472 0.0389343 1
2 7.73456 0.0365403 -1
2 7.42472 0.0343397 1
5 1.61307 0.0343982 -1
10 0.688438 0.029652 1
10 0.553314 0.0323824 -1
10 0.437161 0.0320913 1
10 0.314751 0.0334765 -1
12 0.339502 0.0328998 1
12 0.420324 0.0325166 -1
3 1.48873 0.0282574 1
16 0.551934 0.0295623 -1
19 0.803641 0.0360295 1
2 7.73456 0.0332451 -1
5 2.62275 0.0346262 1
2 2.81548 0.0390399 1
2 2.04321 0.0334081 -1
8 1.67419 0.0362453 -1
13 1.299 0.0367889 1
6 0.819098 0.0356199 1
14 0.508197 0.0326252 -1
15 0.815611 0.0306049 1
19 0.70934 0.0322612 -1
8 0.997986 0.0327148 1
2 1.25613 0.030683 1
6 0.24346 0.0400457 -1
13 0.116737 0.0364367 1
18 0.823363 0.0380456 1
20 0.584022 0.0340254 -1
20 0.788236 0.0300284 1
2 2.81548 0.0344855 1
15 0.240507 0.0351403 -1
14 0.322939 0.0318138 1
14 0.36542 0.031114 -1
16 0.386203 0.0301433 1
16 0.431926 0.0358396 -1
16 0.386203 0.0303683 1
4 1.32346 0.0290435 -1
4 1.13059 0.0395858 1
4 0.983087 0.0409488 -1
4 1.11392 0.0360552 1
4 0.943817 0.0324493 -1
14 0.711345 0.0284657 1
17 0.679346 0.0332741 -1
17 0.568335 0.0329924 1
17 0.401859 0.0301026 -1
17 0.329792 0.0301771 1
1 4.7488 0.0281857 1
12 1.41913 0.0340166 -1
5 3.31163 0.0376129 1
8 0.156677 0.0377436 1
5 3.31163 0.0353041 1
15 1.59183 0.0361603 -1
19 0.803641 0.0350903 1
19 0.435001 0.0319223 -1
19 0.392084 0.0331465 1
19 0.181714 0.0310825 -1
19 0.105105 0.0372395 1
8 0.299358 0.0340053 -1
11 0.303953 0.0305609 1
11 0.408992 0.0331961 -1
11 0.339271 0.0281155 1
11 0.275293 0.0335792 -1
11 0.303953 0.0299819 1
7 0.459075 0.0296734 -1
7 0.762344 0.0335391 1
7 1.16573 0.032688 -1
3 3.7382 0.0338104 1
2 1.25613 0.0338831 1
5 3.31163 0.0347966 1
11 1.05882 0.0351413 -1
16 0.808258 0.0314689 1
12 0.36069 0.0297688 1
16 0.431926 0.0302428 -1
4 1.6173 0.0289029 1
4 1.46741 0.0352817 -1
4 1.13059 0.0327856 1
4 1.32346 0.0285368 -1
4 1.6173 0.0367095 1
4 1.46741 0.029849 -1
4 1.59522 0.0282129 1
14 0.758126 0.0269843 -1
14 0.931354 0.034998 1
5 1.93399 0.0331034 -1
5 1.5386 0.0338207 1
5 0.959018 0.0284237 -1
2 3.89563 0.0276151 1
2 2.04321 0.0307934 -1
2 7.73456 0.036868 -1
2 7.42472 0.0326252 1
2 8.04632 0.0307584 -1
5 3.31163 0.0310389 1
8 1.8916 0.0359451 -1
17 1.38917 0.0340688 1
17 1.1844 0.0346926 -1
15 1.07884 0.0336497 1
16 1.39501 0.0301524 -1
5 3.31163 0.0348252 1
12 1.18111 0.0345027 -1
6 1.43362 0.0318417 1
6 1.02676 0.0343361 -1
6 1.14674 0.0265146 1
6 1.61233 0.0298283 -1
17 1.38917 0.0326749 1
20 0.0814796 0.0342626 1
20 0.148419 0.0349202 -1
16 0.196994 0.0277806 1
7 0.983817 0.0301157 1
7 0.621683 0.0319951 -1
7 0.730913 0.0269607 1
4 1.31608 0.0282166 -1
17 0.401859 0.0259182 -1
9 0.760862 0.0283709 1
9 0.818874 0.0343428 -1
9 0.788216 0.0313597 1
9 0.818874 0.0291198 -1
10 0.688438 0.0294473 1
10 0.830166 0.0279779 -1
12 1.02292 0.0327245 1
2 1.25613 0.031139 1
4 3.18483 0.0344225 1
15 1.59183 0.0323295 -1
5 2.72504 0.0332261 1
5 1.93399 0.0322716 -1
5 2.29971 0.0313652 1
14 0.0921666 0.0341284 1
6 0.24346 0.031847 -1
18 0.1328 0.0305974 1
18 0.236534 0.0304832 -1
18 0.337644 0.0327515 1
15 0.415558 0.028381 -1
15 0.51755 0.0328921 1
18 0.4538 0.0278953 -1
18 0.419153 0.0290442 1
15 0.447929 0.0282516 -1
6 1.39402 0.0259741 1
15 0.193518 0.0256933 1
18 0.261637 0.0351593 -1
11 0.911212 0.0281026 1
17 1.1844 0.0330183 -1
17 1.02066 0.0312394 1
7 1.16573 0.029058 -1
7 1.8899 0.0282636 1
20 0.0814796 0.0352278 1
20 0.0425043 0.0289734 -1
8 0.156677 0.0329365 1
0 2.57045e-07 0.0317559 -1
0 5.17816e-07 0.0277525 1
13 0.421675 0.0259514 -1
13 0.68198 0.0333321 1
2 5.9379 0.027344 -1
2 5.36693 0.0357196 1
2 5.50117 0.027946 -1
0 3.46452e-07 0.0264476 -1
2 3.51114 0.0302052 1
2 2.04321 0.0294211 -1
2 1.25613 0.0315626 1
0 2.94298e-06 0.0329338 1
9 0.403645 0.029747 1
12 0.472098 0.027928 -1
12 0.64348 0.0275044 1
14 0.826869 0.026761 -1
14 1.12177 0.03209 1
11 1.05882 0.0313531 -1
15 0.815611 0.0286151 1
13 0.988315 0.0259984 -1
13 1.299 0.0292906 1
12 1.18111 0.0314847 -1
5 2.29971 0.0290089 1
1 1.51983 0.0305655 1
1 1.70921 0.0368905 -1
1 1.51983 0.0330932 1
1 1.70921 0.0297198 -1
1 2.57915 0.0341018 1
1 3.26377 0.0322109 -1
1 3.83224 0.0362808 1
1 3.26377 0.0305561 -1
1 3.04112 0.028516 1
1 2.30721 0.0294254 -1
8 1.8916 0.0310881 -1
5 3.31163 0.0324829 1
16 1.39501 0.0315151 -1
7 1.8899 0.0304571 1
1 2.49553 0.0288984 1
1 2.85605 0.0308482 -1
1 3.04112 0.0265858 1
1 3.26377 0.0257635 -1
1 4.12071 0.0260373 1
5 0.293212 0.0280898 1
8 1.27595 0.0307661 1
8 0.861398 0.0300144 -1
8 0.652645 0.031378 1
7 0.52906 0.0238843 -1
0 1.30385e-06 0.0263569 -1
0 1.75461e-06 0.0273568 1
8 1.4626 0.0286533 -1
16 0.659463 0.0307583 1
16 0.551934 0.0272386 -1
16 0.486583 0.0264511 1
16 0.431926 0.0248049 -1
7 0.973849 0.0243656 1
7 0.993235 0.023313 -1
8 0.997986 0.0241005 1
8 0.861398 0.0309005 -1
16 0.401174 0.0259066 1
19 0.181714 0.0246083 -1
19 0.271189 0.0336527 1
19 0.181714 0.0280099 -1
11 0.116879 0.0289052 1
3 4.16902 0.0311311 1
15 1.59183 0.0306375 -1
13 1.299 0.030335 1
2 2.4761 0.0283396 1
2 2.04321 0.0281252 -1
17 0.141787 0.0287524 1
5 0.467264 0.0277139 -1
5 0.293212 0.0254754 1
6 0.24346 0.0291009 -1
19 0.105105 0.0282823 1
5 3.31163 0.0290144 1
10 1.2963 0.0298689 -1
11 0.911212 0.0282551 1
2 5.36693 0.0245492 1
2 5.79588 0.0259738 -1
13 0.421675 0.0232022 -1
10 0.733654 0.0236649 1
10 0.553314 0.0269782 -1
10 0.40661 0.0326533 1
10 0.345227 0.0270328 -1
13 0.116737 0.0275308 1
6 2.85908 0.0305364 1
17 1.1844 0.0306744 -1
17 1.38917 0.0308575 1
6 2.23027 0.0307181 -1
13 0.899698 0.0270899 1
13 0.988315 0.0271858 -1
6 2.85908 0.0297966 1
2 1.25613 0.0288343 1
4 3.21009 0.0292004 1
17 1.1844 0.0275107 -1
17 1.38917 0.0282161 1
1 5.46354 0.0292748 -1
16 0.271647 0.0243902 -1
20 0.340949 0.0257683 1
20 0.499525 0.0264831 -1
20 0.729734 0.0250071 1
12 1.18111 0.0254298 -1
1 7.63353 0.0265003 1
2 1.25613 0.0287723 1
17 1.53837 0.0281959 1
1 1.09157 0.0283215 1
10 1.01396 0.0265371 1
10 0.906129 0.027492 -1
10 0.733654 0.0263726 1
15 0.447929 0.0237192 -1
15 0.371978 0.0260978 1
15 0.240507 0.0283377 -1
15 0.19659 0.0255095 1
11 0.272977 0.0250904 -1
11 0.303953 0.0285062 1
11 0.275293 0.0274818 -1
11 0.303953 0.0265102 1
11 0.275293 0.025591 -1
11 0.303953 0.0247199 1
1 2.05435 0.0239081 -1
1 2.49553 0.029284 1
1 2.30721 0.0267104 -1
1 2.49553 0.0251034 1
1 2.85605 0.0267392 -1
1 3.04112 0.0245851 1
1 2.85605 0.0226995 -1
1 2.57915 0.0237985 1
1 2.30721 0.0249576 -1
10 0.830166 0.0239858 -1
10 0.888726 0.0251325 1
10 0.906129 0.0243075 -1
19 0.775982 0.0248151 1
19 0.70934 0.0303634 -1
19 0.775982 0.0283601 1
19 0.70934 0.0265103 -1
19 0.536365 0.0271047 1
19 0.435001 0.0292339 -1
19 0.392084 0.0299004 1
19 0.435001 0.0264285 -1
19 0.536365 0.0241771 1
1 4.8197 0.0231588 1
8 1.67419 0.0267217 -1
8 1.27595 0.0281691 1
19 0.62806 0.0245291 -1
5 1.00294 0.0251107 1
15 0.89824 0.0232534 1
8 1.4626 0.0267432 -1
3 4.16902 0.0259565 1
5 1.93399 0.0282626 -1
5 2.29971 0.0260222 1
15 1.59183 0.0284199 -1
13 1.299 0.0288238 1
17 1.1844 0.0277138 -1
19 0.775982 0.0277792 1
19 0.70934 0.0242062 -1
9 1.47851 0.0241729 1
2 2.81548 0.0254361 1
2 2.04321 0.0270122 -1
2 8.04632 0.0275595 -1
2 7.42472 0.0272866 1
2 7.73456 0.0262533 -1
15 0.240507 0.026586 -1
2 4.68216 0.0242296 1
0 1.30385e-06 0.0249831 -1
2 4.45669 0.0238209 -1
0 4.69387e-07 0.0248428 1
0 1.13621e-07 0.0266319 -1
13 0.116737 0.0281526 1
13 0.197518 0.0284145 -1
13 0.299232 0.0278781 1
13 0.23781 0.0234 -1
2 3.89563 0.0265483 1
6 1.43362 0.024908 1
6 1.63933 0.0256584 -1
6 1.94742 0.028229 1
3 1.48873 0.0220571 1
3 1.93216 0.0275566 -1
3 1.86932 0.0251431 1
3 1.2491 0.0255142 -1
3 0.618413 0.0233048 1
5 3.31163 0.0281472 1
11 0.116879 0.0289244 1
15 1.14682 0.0275354 1
17 0.669462 0.0259966 -1
17 0.845079 0.0271402 1
17 0.883599 0.0308697 -1
17 0.845079 0.0290707 1
16 0.96503 0.0277246 -1
16 0.808258 0.026804 1
16 0.859779 0.0252501 -1
11 0.275293 0.0252556 -1
11 0.303953 0.0230813 1
5 0.653263 0.0234023 -1
16 0.323506 0.0218698 1
16 0.41099 0.0251946 -1
16 0.515522 0.0248594 1
16 0.551934 0.0228218 -1
16 0.659463 0.0253602 1
6 1.63933 0.0235327 -1
6 1.43362 0.02181 1
6 1.038 0.0227744 -1
6 0.819098 0.0250521 1
6 0.593765 0.0256598 -1
8 1.8916 0.024863 -1
5 3.31163 0.0276946 1
14 0.0921666 0.0282346 1
5 3.31163 0.0266434 1
5 0.280339 0.0274293 1
17 0.170839 0.0261041 -1
17 0.141787 0.0234915 1
4 3.18483 0.0256047 1
13 0.0958208 0.0260214 1
3 4.25881 0.0267337 1
11 1.04724 0.0266389 -1
19 0.775982 0.0239184 1
20 0.584022 0.0236699 -1
20 0.374887 0.0241653 1
20 0.184745 0.0241277 -1
20 0.226571 0.0255181 1
20 0.292819 0.0243735 -1
1 2.49553 0.0205157 1
1 3.26377 0.0242591 -1
1 3.61198 0.025821 1
1 3.27102 0.0236044 -1
1 3.04112 0.0238304 1
1 2.05435 0.0238457 -1
1 1.51983 0.022553 1
20 1.04005 0.0253482 1
17 0.883599 0.024142 -1
17 0.845079 0.0254817 1
14 0.826869 0.0251484 -1
14 0.711345 0.029633 1
14 0.508197 0.0271709 -1
14 0.407447 0.0303554 1
14 0.36542 0.0288989 -1
14 0.407447 0.0260288 1
14 0.374475 0.0247535 -1
14 0.322939 0.0238714 1
17 0.449253 0.0228537 -1
17 0.568335 0.0279428 1
17 0.669462 0.0272941 -1
17 0.643157 0.0251005 1
17 0.669462 0.0234507 -1
13 0.78445 0.0247517 1
13 0.735912 0.0261305 -1
17 0.753401 0.0245415 1
17 0.883599 0.0243426 -1
17 1.01872 0.0268092 1
17 1.1844 0.0244644 -1
13 1.44232 0.0261138 1
15 1.55467 0.0261271 -1
5 3.31163 0.0263555 1
2 1.25613 0.0267116 1
1 7.63353 0.0262648 1
2 6.4452 0.0262956 -1
2 5.37199 0.0263101 1
5 1.37902 0.022933 1
5 1.59705 0.0290397 -1
5 1.54985 0.0247962 1
5 1.59705 0.0229448 -1
2 2.04321 0.0251646 -1
2 2.4761 0.0257878 1
2 2.04321 0.0249244 -1
8 1.8916 0.0247824 -1
17 1.52936 0.026262 1
18 0.1328 0.0264374 1
2 9.78555 0.0240071 1
2 7.73456 0.0250959 -1
2 7.42472 0.0257231 1
2 5.50117 0.0248205 -1
2 2.85398 0.0221461 1
8 0.299358 0.0255774 -1
8 0.510707 0.0245785 1
12 0.517934 0.0222527 -1
12 0.400922 0.0257167 1
12 0.308061 0.0258109 -1
12 0.339502 0.0262113 1
12 0.420324 0.0267538 -1
12 0.585047 0.024326 1
9 0.818874 0.0229158 -1
9 0.788216 0.028394 1
9 0.818874 0.0263629 -1
9 0.712506 0.0245557 1
18 0.233627 0.0254439 -1
18 0.419153 0.0241527 1
18 0.4538 0.0299094 -1
18 0.419153 0.0268028 1
18 0.604157 0.0242119 -1
18 0.681504 0.0272877 1
18 0.604157 0.0233625 -1
7 0.973849 0.021972 1
7 1.16573 0.0256251 -1
7 1.8899 0.027368 1
8 0.146013 0.0263587 1
8 0.40513 0.0269619 -1
8 0.943814 0.021733 1
12 1.12678 0.0250772 -1
18 0.823363 0.0254508 1
8 0.861398 0.0235484 -1
8 0.510707 0.0221266 1
5 1.73259 0.0234296 1
5 1.93399 0.0232013 -1
5 2.29971 0.0257733 1
2 1.25613 0.0245594 1
19 0.153581 0.0275418 -1
19 0.105105 0.0240926 1
14 1.34712 0.0277122 1
15 0.124727 0.0249664 1
9 0.408002 0.0247933 -1
9 0.401815 0.0203317 1
10 0.888726 0.0231463 1
10 0.832703 0.023942 -1
10 0.789467 0.0234712 1
10 0.553314 0.0247584 -1
10 0.40661 0.0229903 1
10 0.345227 0.0250806 -1
10 0.40661 0.0223388 1
10 0.368404 0.0212598 -1
4 2.2411 0.0216303 -1
4 1.93351 0.0261187 1
4 1.32346 0.0249538 -1
4 1.13059 0.0260957 1
4 0.983087 0.0292863 -1
4 1.13059 0.025736 1
4 0.983087 0.0226314 -1
2 3.51114 0.0243396 1
13 0.78445 0.0249782 1
13 0.735912 0.0227691 -1
10 0.615031 0.0218315 1
10 0.553314 0.0218332 -1
10 0.517657 0.0207961 1
0 6.89179e-07 0.0215849 -1
4 1.59522 0.0190133 1
4 1.46741 0.0251699 -1
4 1.59522 0.023584 1
4 1.67783 0.0242221 -1
4 1.59522 0.0223006 1
10 0.830166 0.0224234 -1
10 0.888726 0.02234 1
10 0.906129 0.0230529 -1
10 1.01396 0.0220435 1
10 1.09127 0.0230056 -1
1 7.63353 0.0236436 1
11 0.116879 0.0260172 1
13 1.69085 0.0249754 1
19 0.105105 0.0248707 1
11 0.228229 0.0246676 -1
11 0.303953 0.0224358 1
11 0.275293 0.0215792 -1
0 4.69387e-07 0.0220488 1
0 3.46452e-07 0.0219142 -1
1 1.09157 0.0230373 1
5 3.31163 0.0237515 1
5 1.94883 0.0258822 -1
13 0.772917 0.022909 1
4 1.47372 0.0221779 -1
4 1.2297 0.0228459 1
4 1.31608 0.0218684 -1
4 1.59522 0.023817 1
4 1.47372 0.020509 -1
3 1.48873 0.0198781 1
3 0.845581 0.0268742 -1
3 2.69801 0.0250073 -1
3 3.7382 0.0236027 1
3 0.618413 0.0273262 1
16 0.808258 0.0226089 1
16 0.859779 0.023856 -1
5 3.31163 0.0245098 1
6 0.185445 0.0258386 1
20 0.0275606 0.0249094 -1
20 0.0814796 0.0261908 1
20 0.0425043 0.02471 -1
13 0.0958208 0.0248715 1
15 1.14682 0.0252173 1
14 0.826869 0.0240372 -1
14 0.711345 0.027037 1
14 0.508197 0.0259118 -1
14 0.407447 0.0234342 1
14 0.374475 0.0251177 -1
14 0.407447 0.0233889 1
14 0.382387 0.0222852 -1
4 1.2297 0.0212789 1
13 0.988315 0.0206936 -1
14 0.931354 0.026325 1
14 0.826869 0.0250603 -1
14 0.711345 0.0242491 1
14 0.758126 0.0239464 -1
14 0.931354 0.024586 1
15 1.55467 0.0210775 -1
13 1.28965 0.0271553 1
17 1.1844 0.0247804 -1
17 1.38917 0.0250068 1
2 2.4761 0.0252039 1
2 2.04321 0.0239866 -1
2 7.97226 0.0248601 -1
2 7.42472 0.0238983 1
2 6.43619 0.0239654 -1
2 5.66711 0.0238185 1
4 1.16599 0.0202612 -1
2 5.73808 0.0208817 -1
4 1.59522 0.0203704 1
4 1.67783 0.0209713 -1
4 1.6396 0.0203709 1
9 0.818874 0.0202124 -1
9 0.788216 0.0233775 1
9 0.818874 0.021742 -1
9 0.788216 0.0202305 1
17 0.449253 0.0207611 -1
17 0.555053 0.0231026 1
17 0.679346 0.0223298 -1
17 0.845079 0.0240702 1
4 2.2411 0.0237845 -1
4 3.21009 0.0218096 1
17 0.895871 0.0261008 -1
17 1.01872 0.0234188 1
2 1.25613 0.0253431 1
5 3.31163 0.0254201 1
6 2.23027 0.025592 -1
16 0.808258 0.0244246 1
16 0.551934 0.0250118 -1
11 0.506169 0.0242703 1
11 0.408992 0.0223191 -1
11 0.303953 0.0224727 1
6 2.85908 0.022797 1
16 0.151537 0.0260532 1
6 0.24346 0.0232059 -1
6 0.185445 0.024124 1
5 3.31163 0.0244734 1
15 1.55467 0.0250265 -1
15 0.89824 0.0257633 1
14 0.758126 0.0218519 -1
14 0.711345 0.0222874 1
15 0.415558 0.0222863 -1
15 0.371978 0.0274952 1
15 0.415558 0.0235452 -1
15 0.508653 0.0243017 1
13 0.552565 0.0222123 -1
13 0.497295 0.0248564 1
13 0.418726 0.0227316 -1
2 5.37199 0.0221062 1
2 5.17083 0.0227239 -1
15 0.984138 0.023379 -1
13 0.899698 0.0253084 1
2 4.68216 0.0214352 1
2 4.45669 0.0228781 -1
13 0.988315 0.022972 -1
15 1.14682 0.0226779 1
2 2.4761 0.0231181 1
2 2.04321 0.0229753 -1
14 0.758126 0.0226731 -1
10 0.733654 0.0220039 1
6 0.819098 0.0194579 1
6 0.847927 0.0214296 -1
6 1.2936 0.0209659 1
6 1.50881 0.0232393 -1
6 1.71549 0.0224492 1
8 1.67419 0.0232484 -1
3 3.7382 0.024886 1
17 1.1844 0.0237984 -1
17 1.38917 0.02356 1
14 0.0921666 0.0242867 1
6 0.24346 0.0240397 -1
12 0.173769 0.0232874 1
12 0.231239 0.0253593 -1
12 0.339502 0.0241033 1
12 0.472098 0.0250331 -1
8 0.997986 0.0216995 1
8 0.89875 0.0240138 -1
12 0.400922 0.0232136 1
12 0.308061 0.0253599 -1
12 0.274049 0.0241396 1
12 0.308061 0.0216802 -1
12 0.339502 0.022805 1
12 0.308061 0.0214802 -1
13 0.33563 0.0216296 1
8 0.943814 0.0199054 1
8 0.560114 0.0224232 -1
8 0.146013 0.0230535 1
13 0.197518 0.0264217 -1
2 4.68216 0.0224693 1
20 0.226571 0.0196119 1
20 0.155159 0.025067 -1
20 0.0814796 0.022217 1
2 4.45669 0.0234616 -1
16 0.515522 0.0199126 1
16 0.431926 0.0210793 -1
16 0.401174 0.0230358 1
9 0.818874 0.0210957 -1
9 0.760862 0.0210362 1
16 0.425452 0.0215509 -1
2 5.37199 0.0202536 1
2 5.50117 0.0201749 -1
2 5.66711 0.0199212 1
2 5.9379 0.0206949 -1
7 1.8899 0.0215701 1
2 2.63104 0.0239735 1
13 1.28965 0.0221522 1
7 1.16573 0.024497 -1
7 0.983817 0.0271434 1
7 0.820767 0.0249363 -1
7 0.730913 0.0217126 1
7 0.536771 0.0203972 -1
7 0.396794 0.0222567 1
7 0.309751 0.0219068 -1
13 0.116737 0.0233999 1
20 0.0425043 0.0246444 -1
12 0.173769 0.022229 1
1 5.70417 0.0232673 1
1 5.46354 0.0227442 -1
5 2.72504 0.0217063 1
8 1.8916 0.0242188 -1
1 7.63353 0.0241183 1
11 0.116879 0.0239367 1
11 0.272977 0.0230049 -1
16 0.401174 0.0212487 1
16 0.41099 0.0191374 -1
16 0.486583 0.0204532 1
16 0.551934 0.0220801 -1
16 0.659552 0.0198573 1
16 0.969815 0.0209477 -1
16 1.13533 0.0225129 1
11 0.303953 0.0220051 1
10 0.561428 0.02054 -1
10 0.615031 0.0193631 1
11 0.59999 0.0201515 -1
11 0.714727 0.0253161 1
11 0.765115 0.0222334 -1
11 0.911212 0.0215158 1
11 1.02667 0.0208137 -1
5 0.466002 0.020839 -1
19 0.392084 0.0198754 1
19 0.435001 0.0282237 -1
19 0.392084 0.0247993 1
19 0.435001 0.0218041 -1
19 0.536365 0.0234468 1
19 0.500966 0.0231019 -1
19 0.536365 0.0219346 1
19 0.500966 0.0208363 -1
19 0.392084 0.0204334 1
19 0.329878 0.0202063 -1
19 0.271189 0.0212315 1
19 0.194852 0.0238721 -1
19 0.105105 0.0240687 1
11 1.17951 0.0232074 1
2 1.25613 0.0201324 1
0 2.94298e-06 0.0239861 1
15 1.55467 0.0206934 -1
5 3.31163 0.0235824 1
8 0.146013 0.0231555 1
1 7.63353 0.0224997 1
13 0.0958208 0.0230471 1
3 3.7382 0.0224467 1
10 1.2963 0.0219005 -1
2 9.78555 0.0213775 1
2 8.04632 0.0241201 -1
2 7.42472 0.0238256 1
2 7.73456 0.0222088 -1
2 9.78555 0.0227211 1
1 2.57915 0.0219788 1
1 2.68526 0.0239971 -1
1 2.57915 0.0221643 1
1 2.30721 0.0205215 -1
2 8.04632 0.0222437 -1
2 7.42472 0.0214177 1
17 0.883599 0.0211366 -1
17 0.851259 0.0228713 1
17 0.883599 0.0217287 -1
17 1.01872 0.021475 1
2 7.73456 0.02227 -1
1 4.8197 0.0211862 1
1 3.26377 0.0201534 -1
1 3.61198 0.0232549 1
1 3.97311 0.0224245 -1
1 4.12071 0.0214992 1
1 5.46354 0.0219655 -1
5 3.31163 0.0224794 1
8 1.8916 0.0235906 -1
19 0.803641 0.023133 1
19 0.701297 0.0232444 -1
19 0.775982 0.0216417 1
19 0.70934 0.0205472 -1
19 0.733149 0.0208527 1
19 0.70934 0.0203788 -1
19 0.733149 0.019924 1
7 1.06783 0.0197885 -1
7 0.983817 0.0246407 1
7 0.993235 0.0206108 -1
7 1.04381 0.0205718 1
7 1.06783 0.0216832 -1
7 1.04381 0.0202698 1
7 0.820767 0.0191491 -1
7 0.762344 0.0193765 1
7 0.679753 0.0185506 -1
7 0.500946 0.0189239 1
7 0.459075 0.0237267 -1
7 0.500946 0.0225169 1
7 0.459075 0.0213797 -1
7 0.396794 0.0206271 1
1 5.70417 0.0206573 1
12 1.12678 0.0224221 -1
4 3.18483 0.0209063 1
6 2.23027 0.0229438 -1
18 0.681504 0.0207535 1
20 0.584022 0.0194371 -1
20 0.779852 0.0212629 1
20 0.875597 0.0215607 -1
6 2.71 0.0202953 1
2 1.25613 0.0224533 1
5 3.31163 0.0232724 1
15 1.55467 0.0234057 -1
20 0.800744 0.0223214 1
18 0.4538 0.0184355 -1
18 0.419153 0.0233792 1
18 0.261637 0.0210627 -1
18 0.13897 0.0252919 1
8 0.299358 0.021454 -1
8 0.652645 0.0239388 1
8 0.838561 0.0197524 -1
8 0.943814 0.0198973 1
8 0.89875 0.0194823 -1
3 1.86932 0.0185094 1
3 1.92765 0.0233508 -1
3 1.86932 0.0217329 1
3 1.92765 0.0202366 -1
8 0.943814 0.0204816 1
8 0.89875 0.0173257 -1
3 1.86932 0.018326 1
3 1.61238 0.020361 -1
3 1.48873 0.0223669 1
3 1.25737 0.0238122 -1
3 1.48873 0.020639 1
3 1.61238 0.0198925 -1
6 0.819098 0.0182789 1
6 0.24346 0.0205507 -1
5 0.584988 0.0235465 1
5 0.959018 0.0198444 -1
5 1.37902 0.0223565 1
5 1.59705 0.0223357 -1
5 1.78733 0.0218391 1
5 1.94883 0.0223183 -1
5 2.29971 0.0220221 1
2 3.51114 0.0226532 1
2 2.04321 0.0190832 -1
0 2.33203e-06 0.0230742 -1
16 0.808258 0.0187435 1
16 0.729229 0.0215414 -1
16 0.808258 0.0197411 1
16 0.969815 0.0215771 -1
14 1.20491 0.0227337 1
20 0.890294 0.02219 -1
8 0.943814 0.0210735 1
12 0.420324 0.0183884 -1
12 0.339502 0.0222867 1
12 0.231239 0.0217751 -1
8 1.4626 0.0218303 -1
13 1.16426 0.021896 1
12 0.271974 0.0222689 1
12 0.308061 0.0212581 -1
12 0.339502 0.0193322 1
12 0.370337 0.0203443 -1
12 0.400922 0.0222597 1
12 0.370337 0.0203791 -1
20 0.226571 0.0196258 1
20 0.184745 0.0214729 -1
20 0.0814796 0.0206376 1
20 0.116554 0.0216772 -1
20 0.226571 0.0231239 1
20 0.401076 0.0188906 -1
20 0.374887 0.0215365 1
20 0.292819 0.0210923 -1
20 0.340949 0.0189058 1
20 0.401076 0.0196304 -1
12 0.639598 0.0181657 1
14 0.441153 0.01936 -1
14 0.407447 0.0234158 1
14 0.382387 0.0220178 -1
14 0.407447 0.0209233 1
14 0.441153 0.0210511 -1
14 0.711345 0.0208337 1
14 0.826869 0.0221471 -1
15 1.14682 0.0183416 1
2 2.63104 0.0223811 1
2 2.04321 0.0215147 -1
17 1.1844 0.022402 -1
17 1.01872 0.0217809 1
17 0.883599 0.0216299 -1
17 0.845079 0.0216927 1
17 0.679346 0.0207972 -1
17 0.643157 0.0235031 1
17 0.449253 0.0221364 -1
16 0.233926 0.0195971 1
16 0.271362 0.0209127 -1
16 0.401174 0.0201757 1
16 0.41099 0.0181698 -1
14 0.416922 0.0196962 1
14 0.382387 0.0196308 -1
14 0.407447 0.0189389 1
14 0.508197 0.0200088 -1
14 0.711345 0.0217667 1
1 2.49553 0.0199691 1
1 2.68526 0.0220817 -1
1 2.95002 0.0210169 1
1 3.26377 0.0216378 -1
1 3.77935 0.0226708 1
1 3.97311 0.0213036 -1
1 4.12071 0.0204207 1
1 4.17034 0.0199493 -1
1 4.12071 0.0192428 1
1 3.97311 0.0195274 -1
1 3.83224 0.0201087 1
1 3.27102 0.0197928 -1
1 2.95002 0.0181864 1
1 2.85605 0.0195452 -1
1 2.95002 0.0189267 1
17 0.557433 0.0184802 1
17 0.669462 0.0220554 -1
1 1.70921 0.0212642 -1
1 1.51983 0.023573 1
17 0.658511 0.0220914 1
17 0.669462 0.019755 -1
1 1.70921 0.0210051 -1
1 1.51983 0.0188911 1
7 1.8899 0.0211709 1
6 0.185445 0.0225693 1
19 0.153581 0.0232363 -1
19 0.170977 0.0195051 1
19 0.194852 0.0204056 -1
19 0.271189 0.0216055 1
19 0.194852 0.0187205 -1
2 2.4761 0.0194207 1
13 1.44232 0.0218662 1
19 0.105105 0.0227053 1
6 0.24346 0.0222777 -1
6 0.185445 0.0218096 1
16 0.808258 0.0220143 1
16 0.859779 0.0184927 -1
10 0.170792 0.0213563 -1
9 0.202513 0.0201139 1
9 0.342882 0.0220885 -1
16 0.196994 0.0189168 1
5 3.31163 0.0203174 1
11 0.116879 0.022764 1
15 0.0628178 0.0218568 -1
9 0.202513 0.0218364 1
2 9.78555 0.0209469 1
2 6.58131 0.0215219 -1
2 5.33936 0.021253 1
2 5.17083 0.0213259 -1
2 5.33936 0.0198742 1
2 5.40498 0.0190071 -1
2 5.66711 0.0192725 1
2 5.5167 0.017824 -1
2 5.37199 0.0184845 1
2 5.17083 0.018633 -1
2 5.33936 0.017223 1
2 5.40498 0.0176073 -1
2 5.37199 0.016991 1
13 0.382329 0.0173283 -1
13 0.461133 0.0219616 1
13 0.552565 0.0237442 -1
13 0.67897 0.0244976 1
13 0.735912 0.0209232 -1
13 0.78445 0.0196736 1
5 1.86939 0.0198422 -1
5 1.49642 0.0203156 1
5 1.12101 0.0240243 -1
5 0.910635 0.0221151 1
5 0.653263 0.0218637 -1
5 0.584988 0.0168485 1
11 0.228229 0.0190591 -1
13 0.988315 0.0190473 -1
4 1.85648 0.0200249 1
4 1.32346 0.024341 -1
4 1.13059 0.0236803 1
4 0.983087 0.0232852 -1
4 1.13059 0.020575 1
4 1.16599 0.0205357 -1
4 1.2297 0.0209761 1
4 1.32346 0.0200077 -1
4 1.59522 0.0195987 1
4 1.67783 0.0202695 -1
4 1.6396 0.0193251 1
4 1.47071 0.0200692 -1
4 1.28387 0.0204396 1
4 1.16599 0.0204364 -1
4 1.13059 0.0192848 1
4 0.950763 0.0184319 -1
4 0.914851 0.0202899 1
2 2.47641 0.675126 -1
17 0.659843 0.784346 1
15 0.447929 0.552503 -1
12 0.713662 0.580934 1
19 0.174459 0.379202 -1
4 1.66971 0.374111 -1
