4
3 12 264 3 
-0.5 0 0 0 
2 4.86448 1.08697 -1
19 0.617443 0.333066 1
1 4.21575 0.332239 1
2 5.75654 0.853829 -1
13 0.711628 0.41275 1
3 2.35369 0.308936 1
14 0.473122 0.263692 1
7 1.14217 0.228442 1
5 1.19359 0.180908 1
20 0.471876 0.182839 1
1 3.06546 0.160033 1
10 0.598389 0.143107 1
13 0.705226 0.144722 -1
16 0.697272 0.158027 1
0 32.1756 0.144611 -1
19 0.449497 0.529515 1
2 6.76824 0.476662 -1
12 1.02292 0.301159 1
1 2.29685 0.279787 1
9 0.861509 0.216308 1
16 0.342823 0.18479 1
5 2.29971 0.190044 1
19 0.43503 0.176508 -1
17 0.279718 0.200745 1
2 5.7698 0.187369 1
15 0.541621 0.161648 1
8 1.07347 0.12462 1
1 1.54242 0.140677 1
0 13.2317 0.160513 -1
2 2.6436 0.163237 1
0 21.6584 0.135742 1
18 0.337011 0.110749 1
19 0.333493 0.118193 -1
3 2.33559 0.0953929 -1
14 1.11394 0.134812 1
0 31.1367 0.123949 -1
34 2.71 0.130637 1
3 1.02793 0.122491 1
2 4.18403 0.110145 -1
2 5.7698 0.113909 1
14 0.506124 0.0947623 -1
14 0.681094 0.110968 1
0 32.4833 0.116587 -1
7 1.85282 0.119935 1
2 7.73456 0.110507 -1
3 1.29958 0.100867 -1
0 13.2317 0.0846671 -1
0 32.4833 0.107111 -1
11 1.31102 0.113098 1
12 1.36706 0.0980652 -1
10 1.10056 0.0968164 1
10 0.583757 0.0894139 -1
10 0.429991 0.102801 1
2 4.18403 0.0808277 -1
0 20.0297 0.0797463 1
20 0.493595 0.0851153 -1
5 3.1017 0.0807529 1
0 32.4833 0.109598 -1
5 3.1017 0.0984608 1
2 2.6436 0.0932917 1
11 0.743476 0.0763155 1
6 1.27617 0.0703205 1
10 0.541454 0.0705091 -1
12 0.579692 0.0754844 1
14 0.506124 0.0730448 -1
14 0.731965 0.0980481 1
16 0.728757 0.0857782 -1
8 0.349781 0.0743272 -1
3 1.08273 0.0897981 1
5 1.12035 0.0731863 -1
2 5.70199 0.0653523 1
2 3.24647 0.0682724 -1
5 0.621997 0.0847032 1
0 12.7158 0.0718668 -1
7 1.1669 0.0900558 -1
19 0.916864 0.0680051 1
2 7.73456 0.0802201 -1
5 3.1017 0.0767714 1
2 2.33643 0.0915271 1
8 1.27276 0.0768203 1
14 0.506124 0.0788102 -1
14 0.397027 0.0836781 1
14 0.472278 0.0621873 -1
14 0.681094 0.0723944 1
3 2.33559 0.0568724 -1
7 1.86479 0.0788439 1
11 0.918933 0.0794428 -1
11 0.443844 0.0615329 1
5 3.1017 0.078145 1
12 1.36706 0.0844271 -1
5 3.1017 0.0733757 1
17 0.199888 0.0785048 1
18 0.155402 0.0685721 -1
1 1.54242 0.0676852 1
18 0.905257 0.069675 1
18 0.625217 0.0671881 -1
6 2.08021 0.0543824 1
0 32.4833 0.072878 -1
3 0.762396 0.0723221 -1
9 0.370787 0.0605292 1
10 1.10056 0.0679783 1
6 1.55851 0.0655178 -1
8 0.678513 0.0565183 1
8 0.344085 0.0676614 -1
6 0.527272 0.0666186 1
18 0.851517 0.0631389 1
9 1.06599 0.0610733 -1
14 0.472278 0.0481951 -1
14 0.407447 0.0554566 1
17 1.03651 0.0603496 1
16 0.226925 0.063357 1
7 0.366699 0.0604935 -1
12 0.85436 0.0551583 -1
7 0.789104 0.0500694 1
6 2.11967 0.0520951 1
7 1.12066 0.063916 -1
2 5.70199 0.0546735 1
2 4.18403 0.0616663 -1
2 2.98683 0.0527203 1
7 1.62612 0.0624512 1
0 32.4833 0.0618324 -1
5 3.1017 0.0647037 1
2 7.73456 0.0661268 -1
2 9.86693 0.0534965 1
19 0.233385 0.0591146 1
19 0.27467 0.0687781 -1
12 0.377518 0.0580367 1
14 0.472278 0.05085 -1
14 0.681094 0.0510315 1
13 0.670107 0.0549638 -1
13 1.16426 0.054029 1
17 0.199888 0.0651351 1
5 3.1017 0.0541512 1
0 31.1367 0.0614623 -1
0 24.2206 0.0581036 1
19 0.233385 0.0545422 1
17 0.284729 0.0525726 -1
1 4.45594 0.0529873 -1
1 3.65571 0.0662067 1
1 2.85605 0.0515174 -1
1 2.58113 0.0470139 1
2 3.30828 0.045789 -1
2 5.70199 0.0607177 1
2 5.94768 0.0639715 -1
2 5.77598 0.0525795 1
3 2.33559 0.048516 -1
0 12.7158 0.061516 -1
3 0.6287 0.0597834 1
10 0.0308874 0.05515 -1
0 32.4833 0.0583477 -1
5 3.1017 0.0561875 1
13 0.308161 0.0563365 1
13 0.442301 0.0569229 -1
10 0.437162 0.0491675 1
10 0.536462 0.0711839 -1
10 0.787538 0.0632254 1
8 0.683858 0.0471294 1
8 0.912697 0.0556571 -1
17 0.554308 0.0477982 1
19 0.285918 0.0476423 -1
19 0.392083 0.0538437 1
19 0.462797 0.0528266 -1
19 0.677343 0.0480138 1
17 0.68057 0.0573142 -1
18 0.535353 0.0433099 -1
18 0.327937 0.0526704 1
13 1.08305 0.0576731 1
12 1.36706 0.0493323 -1
10 0.0308874 0.0539167 -1
17 0.199888 0.0569507 1
8 1.27276 0.0505143 1
5 1.13912 0.0447625 -1
5 0.788378 0.0432017 1
15 0.242406 0.047143 -1
14 0.168434 0.0485663 1
5 2.38682 0.0535222 1
0 32.4833 0.0505105 -1
7 0.160763 0.0554136 -1
1 1.48972 0.0501986 1
1 2.0347 0.0495983 -1
14 0.52463 0.0443646 -1
15 0.641718 0.044518 1
4 2.10038 0.0460861 -1
4 2.51321 0.0505659 1
2 7.73456 0.0499223 -1
15 0.454445 0.0512968 -1
14 0.702273 0.0472004 1
10 0.616675 0.0416217 -1
10 0.437162 0.0480603 1
2 9.86693 0.0481463 1
6 0.452049 0.0511034 1
10 0.0308874 0.0487801 -1
0 32.4833 0.0527667 -1
11 1.49255 0.0528422 1
16 0.138673 0.0505297 1
0 24.2206 0.0486211 1
16 0.665174 0.046327 -1
12 0.699833 0.0491045 1
20 0.298666 0.044438 -1
2 2.98683 0.0420236 1
20 0.790297 0.0491501 1
2 6.4452 0.0466657 -1
2 5.72102 0.0500526 1
2 3.24647 0.0524962 -1
12 1.36706 0.0508833 -1
0 14.4426 0.0506141 -1
0 17.2347 0.0508093 1
0 18.8567 0.047111 -1
0 19.9235 0.0558669 1
0 18.8567 0.0463722 -1
9 0.92769 0.0437536 1
14 0.52463 0.0477326 -1
14 0.417374 0.0445994 1
17 0.374697 0.0442743 -1
19 0.392083 0.0457062 1
19 0.451226 0.046453 -1
17 0.574133 0.041552 1
5 1.12035 0.0446195 -1
18 0.510441 0.04273 -1
19 0.392083 0.0434149 1
19 0.285918 0.0436123 -1
19 0.233385 0.0473172 1
5 3.1017 0.0516773 1
1 1.48972 0.0547565 1
18 0.783039 0.0462966 1
2 2.81661 0.0458549 1
4 0.588124 0.0517477 -1
1 5.02626 0.0479269 -1
10 0.0308874 0.0439056 -1
3 1.08143 0.0523144 1
3 1.24911 0.0555246 -1
3 1.11248 0.0434273 1
10 0.540528 0.0430463 -1
0 19.9235 0.0431164 1
10 0.437162 0.0429294 1
10 0.0308874 0.0443527 -1
0 32.4833 0.0529234 -1
5 3.1017 0.0504352 1
17 1.17837 0.0499104 -1
2 9.86693 0.0475437 1
2 5.94768 0.0485714 -1
2 5.77598 0.046827 1
8 0.683858 0.0439959 1
14 0.506124 0.0414463 -1
11 0.743476 0.0452376 1
11 1.09123 0.0404702 -1
8 0.344085 0.0556311 -1
15 0.358175 0.0445446 1
3 0.770539 0.0384422 -1
5 0.293469 0.0473824 1
7 1.88989 0.0477443 1
7 1.06619 0.0459445 -1
7 0.789104 0.0518989 1
7 0.53147 0.0435412 -1
9 0.370787 0.0398267 1
9 0.449051 0.051512 -1
9 0.722437 0.043788 1
17 0.449254 0.0366738 -1
16 0.421419 0.0416867 1
16 0.274362 0.0393635 -1
17 0.199888 0.0519653 1
0 14.4426 0.0437552 -1
0 17.2347 0.0432339 1
0 18.8567 0.0436179 -1
1 3.65571 0.0375912 1
1 3.12045 0.0457669 -1
1 2.58113 0.0420423 1
19 0.788302 0.039093 1
19 0.60543 0.0467291 -1
19 0.677343 0.0448727 1
0 31.1367 0.0431977 -1
5 3.1017 0.0483473 1
4 2.86268 0.0474383 -1
2 3.30828 0.0457032 -1
2 2.98683 0.0420119 1
4 2.51321 0.0471863 1
4 2.10038 0.0435215 -1
0 24.2206 0.0395283 1
0 32.4833 0.0437933 -1
7 0.791538 0.643292 1
5 1.73259 0.680777 1
2 5.84339 0.527313 -1
