8
9 32 101 189 311 267 74 11 
-2.5 -2.5 -2.5 -2 -1.5 -1.5 -1.5 -1 
3342 10.5 0.710704 -1
2785 5.5 0.456098 -1
1219 4.5 0.465786 -1
2936 2.5 0.361946 -1
2798 1.5 0.344259 -1
2544 5.5 0.302939 -1
2183 1.5 0.280894 -1
3870 4.5 0.261387 -1
1023 5.5 0.269459 -1
3598 11.5 0.648524 -1
1219 4.5 0.44577 -1
2528 7.5 0.434737 -1
2876 1.5 0.324576 -1
2542 1.5 0.304188 -1
2243 1.5 0.290829 -1
3072 24.5 0.26348 1
1912 7.5 0.313363 -1
1774 0.5 0.292114 -1
2316 1.5 0.243809 1
903 6.5 0.227818 -1
3384 1.5 0.226229 1
750 0.5 0.215184 -1
3870 6.5 0.192461 -1
3598 11.5 0.231411 1
3087 17.5 0.230652 -1
448 2.5 0.21847 1
3583 6.5 0.188714 -1
2572 1.5 0.200089 1
888 3.5 0.192176 -1
2183 1.5 0.173863 -1
2288 5.5 0.199544 -1
2940 1.5 0.170271 -1
2798 1.5 0.165101 -1
3680 2.5 0.160964 1
527 10.5 0.184581 -1
3312 16.5 0.182202 1
3295 1.5 0.174292 -1
3846 2.5 0.189469 1
60 5.5 0.156006 -1
1472 3.5 0.1701 1
1277 0.5 0.166996 -1
3342 11.5 0.610602 -1
1912 3.5 0.399752 -1
2785 5.5 0.316886 -1
1219 8.5 0.339314 -1
1518 0.5 0.277851 -1
2243 1.5 0.257724 -1
2542 2.5 0.248787 -1
3870 4.5 0.23937 -1
2936 2.5 0.227026 -1
3715 1.5 0.231665 1
2544 7.5 0.208981 -1
255 7.5 0.223133 -1
1084 2.5 0.195275 -1
1774 0.5 0.19704 -1
3342 11.5 0.186725 1
3087 12.5 0.227582 -1
608 2.5 0.183318 1
195 8.5 0.181511 -1
2183 0.5 0.200206 -1
2316 1.5 0.165545 1
903 6.5 0.171414 -1
2940 0.5 0.168126 -1
2798 1.5 0.170237 -1
752 5.5 0.160247 -1
3424 2.5 0.161282 1
3295 0.5 0.168392 -1
3084 1.5 0.15735 1
527 8.5 0.148298 -1
2575 13.5 0.168866 1
3841 1.5 0.162759 1
2052 2.5 0.15213 1
3831 0.5 0.165747 -1
1551 5.5 0.14312 -1
4067 1.5 0.14188 1
3009 2.5 0.149676 -1
888 7.5 0.137692 -1
705 4.5 0.165346 1
1776 7.5 0.143278 -1
3680 1.5 0.138815 1
3854 9.5 0.141994 1
3279 1.5 0.138142 -1
1292 1.5 0.137722 1
1310 3.5 0.127343 -1
52 0.5 0.133663 -1
2078 9.5 0.148942 1
1799 5.5 0.136467 -1
3727 1.5 0.147583 1
2063 2.5 0.127968 -1
3870 16.5 0.130967 -1
3312 16.5 0.14279 1
3960 6.5 0.152891 -1
224 6.5 0.143176 1
750 0.5 0.136533 -1
2160 3.5 0.128798 -1
2172 1.5 0.131158 1
3423 0.5 0.132556 -1
1054 1.5 0.150968 -1
1036 1.5 0.131372 1
3328 9.5 0.139069 1
2247 0.5 0.134404 -1
3551 0.5 0.117668 -1
3390 2.5 0.139929 1
2784 17.5 0.128167 -1
993 7.5 0.120912 1
2050 0.5 0.119622 1
12 1.5 0.1094 1
223 0.5 0.10997 -1
4039 1.5 0.122778 1
3840 8.5 0.137683 1
1159 3.5 0.120697 1
1904 3.5 0.11604 -1
1912 3.5 0.122316 1
1340 1.5 0.122542 -1
3900 3.5 0.11881 -1
3452 1.5 0.134277 1
4093 1.5 0.139186 -1
60 1.5 0.126892 -1
3342 11.5 0.109027 1
2803 0.5 0.123466 1
3614 4.5 0.115254 -1
796 1.5 0.120441 1
2928 1.5 0.11108 -1
1219 14.5 0.125953 -1
3196 2.5 0.134389 1
203 0.5 0.128455 -1
1807 2.5 0.112429 -1
2936 8.5 0.109272 -1
448 3.5 0.128302 1
3319 0.5 0.117691 -1
1217 2.5 0.103083 -1
0 11.5 0.107625 -1
286 6.5 0.122748 -1
2752 1.5 0.101977 1
1776 3.5 0.103301 -1
3065 1.5 0.113244 -1
3612 2.5 0.108372 1
1475 6.5 0.10813 -1
3104 2.5 0.119524 1
2560 15.5 0.117277 -1
888 2.5 0.10015 -1
3711 0.5 0.102642 -1
3342 14.5 0.541859 -1
1219 4.5 0.362246 -1
2784 7.5 0.325569 -1
2936 2.5 0.323182 -1
2542 0.5 0.218242 -1
2243 4.5 0.242946 -1
2572 1.5 0.183927 1
2876 2.5 0.189285 -1
750 0.5 0.19013 -1
888 5.5 0.17588 -1
3041 3.5 0.192251 -1
1023 7.5 0.175575 -1
3614 3.5 0.182653 -1
527 8.5 0.165962 -1
224 6.5 0.179574 1
2798 4.5 0.166537 -1
2183 1.5 0.177547 -1
2288 3.5 0.177284 -1
3327 6.5 0.156895 -1
1310 7.5 0.158942 -1
448 2.5 0.155227 1
1912 7.5 0.157333 -1
1774 0.5 0.165703 -1
3342 14.5 0.149877 1
3087 11.5 0.190565 -1
3448 0.5 0.142552 1
3590 1.5 0.142153 1
752 12.5 0.141591 -1
1038 9.5 0.17302 1
2528 13.5 0.142437 -1
2940 1.5 0.138031 -1
1155 3.5 0.141635 1
195 8.5 0.142987 -1
3312 13.5 0.159262 1
3072 8.5 0.13945 1
14 6.5 0.146567 1
3338 0.5 0.130834 -1
1548 2.5 0.143228 1
1799 5.5 0.128129 -1
3452 1.5 0.144097 1
3295 1.5 0.137465 -1
1054 2.5 0.139013 -1
3319 0.5 0.118825 -1
3870 3.5 0.126909 -1
3960 5.5 0.126108 -1
3102 13.5 0.139788 1
2688 0.5 0.124426 1
1904 3.5 0.117905 -1
1728 2.5 0.125549 1
608 1.5 0.117459 1
1277 0.5 0.108542 -1
2302 4.5 0.115797 1
1084 12.5 0.134051 -1
3196 1.5 0.144905 1
2542 5.5 0.114875 -1
1822 14.5 0.133898 1
28 5.5 0.128354 -1
2575 13.5 0.114125 1
888 14.5 0.130914 -1
1551 1.5 0.12861 -1
796 1.5 0.11396 1
1292 1.5 0.10386 1
2160 2.5 0.105212 -1
2255 1.5 0.106983 -1
4039 1.5 0.10529 1
1219 14.5 0.128023 -1
739 4.5 0.128653 1
1121 0.5 0.105914 -1
451 0.5 0.10926 -1
3328 7.5 0.118762 1
524 2.5 0.113703 1
203 0.5 0.0996219 -1
1796 3.5 0.116239 1
3900 2.5 0.112769 -1
4067 1.5 0.11169 1
2568 0.5 0.104428 1
449 3.5 0.109235 1
3640 0.5 0.0993924 1
3279 1.5 0.102512 -1
3854 10.5 0.111393 1
3870 9.5 0.10575 -1
1523 0.5 0.104443 1
2247 0.5 0.107697 -1
2063 4.5 0.106487 -1
3711 0.5 0.105105 -1
1776 4.5 0.109743 -1
3841 1.5 0.0997227 1
3390 2.5 0.113722 1
3207 4.5 0.10506 -1
4027 0.5 0.115184 1
4093 1.5 0.11018 -1
3009 1.5 0.112775 -1
241 2.5 0.0956897 1
2936 8.5 0.0974682 -1
135 4.5 0.121112 1
1217 2.5 0.101326 -1
2328 0.5 0.111655 1
1807 2.5 0.107315 -1
3807 0.5 0.103657 -1
3424 1.5 0.0997687 1
286 7.5 0.100059 -1
993 13.5 0.105358 1
1475 12.5 0.121148 -1
2319 14.5 0.114232 1
1518 1.5 0.105294 -1
60 5.5 0.0956234 -1
1231 0.5 0.110594 -1
2752 2.5 0.0956144 1
1483 0.5 0.10175 -1
2032 2.5 0.105305 -1
3608 0.5 0.0954258 1
2317 0.5 0.0964631 1
3167 0.5 0.102067 -1
2078 13.5 0.108158 1
1792 6.5 0.105576 1
1472 2.5 0.103512 1
766 2.5 0.100323 -1
1656 0.5 0.0972127 -1
888 7.5 0.0971752 -1
4065 7.5 0.0941187 1
2880 2.5 0.0918112 1
3019 0.5 0.114154 -1
2815 7.5 0.111248 1
3307 0.5 0.105616 -1
2313 0.5 0.103086 1
2670 0.5 0.0987067 -1
3342 14.5 0.0934622 1
3104 0.5 0.103881 1
12 1.5 0.0903851 1
1925 0.5 0.0840382 -1
3136 3.5 0.110641 1
3267 8.5 0.0962135 -1
1822 12.5 0.105693 1
1049 0.5 0.0908276 -1
3582 4.5 0.0998534 1
2798 1.5 0.0908965 -1
2680 2.5 0.0988748 -1
2368 2.5 0.0956633 1
2304 18.5 0.0962265 -1
752 5.5 0.0919347 -1
3104 2.5 0.0933611 1
891 0.5 0.104945 -1
3727 2.5 0.100647 1
3622 0.5 0.0908139 -1
3084 3.5 0.10566 1
4062 0.5 0.0958745 -1
2928 1.5 0.0973888 -1
4095 2.5 0.095475 1
2577 0.5 0.0937321 -1
1159 1.5 0.0871897 1
1084 0.5 0.0956848 -1
3247 0.5 0.0956214 -1
3358 3.5 0.0897546 -1
3132 1.5 0.0823748 -1
705 4.5 0.0991054 1
3087 19.5 0.0957365 -1
2017 13.5 0.103022 1
1219 11.5 0.0892379 -1
1632 3.5 0.10836 1
66 0.5 0.090278 -1
1985 1.5 0.101421 -1
1542 1.5 0.0879033 1
2536 0.5 0.0859284 -1
995 3.5 0.0930535 1
2815 2.5 0.0948868 1
1671 0.5 0.0905792 -1
3581 0.5 0.0881884 -1
1822 1.5 0.0886994 -1
195 12.5 0.104047 -1
3056 17.5 0.10532 1
3552 15.5 0.0990368 -1
0 11.5 0.106224 -1
195 0.5 0.0893199 -1
2076 3.5 0.096954 -1
2110 1.5 0.0933657 1
3071 7.5 0.0883576 1
1915 0.5 0.10302 -1
3059 1.5 0.0942383 1
3831 0.5 0.0896291 -1
2822 1.5 0.0844702 1
3424 0.5 0.0856497 1
1055 0.5 0.0970514 -1
1273 1.5 0.088038 -1
1310 2.5 0.0827454 -1
3960 7.5 0.0930986 -1
3904 2.5 0.105736 1
1144 1.5 0.0857698 1
1904 3.5 0.0854596 -1
264 0.5 0.0805172 1
3598 18.5 0.47171 -1
1219 6.5 0.326285 -1
2528 7.5 0.348074 -1
2876 1.5 0.282428 -1
2243 1.5 0.230882 -1
494 0.5 0.197368 -1
1912 7.5 0.192967 -1
993 7.5 0.200793 1
2542 1.5 0.181563 -1
3215 2.5 0.178891 -1
2566 0.5 0.158921 1
3846 2.5 0.163634 1
1927 7.5 0.161469 -1
3870 2.5 0.170879 -1
766 2.5 0.153932 -1
1288 0.5 0.136466 1
3576 2.5 0.138527 1
2936 7.5 0.156173 -1
3715 1.5 0.142853 1
60 5.5 0.137317 -1
449 4.5 0.148284 1
3583 6.5 0.138609 -1
2160 2.5 0.144116 -1
1774 1.5 0.132883 -1
3326 4.5 0.137011 1
752 13.5 0.14178 -1
3096 2.5 0.147964 1
1076 0.5 0.131708 -1
2785 4.5 0.138321 -1
3087 22.5 0.121225 -1
3854 9.5 0.14271 1
3680 1.5 0.127376 1
2316 1.5 0.115817 1
195 10.5 0.116667 -1
3568 22.5 0.142959 1
2798 3.5 0.133595 -1
3064 2.5 0.113686 -1
1084 0.5 0.112238 -1
3359 5.5 0.117772 -1
2368 2.5 0.124844 1
255 9.5 0.115094 -1
2847 3.5 0.136779 1
527 10.5 0.117325 -1
3192 2.5 0.115896 1
888 8.5 0.118657 -1
1219 0.5 0.116114 -1
3295 0.5 0.113554 -1
1310 3.5 0.104294 -1
3840 6.5 0.108792 1
1223 3.5 0.119619 1
253 1.5 0.109789 -1
2183 0.5 0.119879 -1
1036 1.5 0.113501 1
3896 5.5 0.100662 -1
2052 2.5 0.12114 1
203 0.5 0.105692 -1
704 2.5 0.110595 1
0 11.5 0.102249 -1
3009 3.5 0.102397 -1
3352 1.5 0.10597 1
268 1.5 0.0976271 1
1532 1.5 0.0931771 -1
3459 1.5 0.0975066 1
1084 9.5 0.096005 -1
1566 0.5 0.124741 -1
699 0.5 0.103114 -1
1776 7.5 0.101588 -1
4065 12.5 0.102988 1
1536 30.5 0.108634 -1
3312 22.5 0.121915 1
1024 7.5 0.110349 1
3065 0.5 0.0990902 -1
1552 3.5 0.093162 -1
1904 4.5 0.09766 -1
224 6.5 0.1077 1
1439 0.5 0.0914656 1
3084 1.5 0.0937336 1
2050 0.5 0.0920546 1
2560 14.5 0.0993791 -1
2688 1.5 0.10231 1
1276 1.5 0.0948625 -1
1852 3.5 0.0938541 1
2416 7.5 0.0995688 -1
903 0.5 0.111802 -1
1148 1.5 0.0904911 1
40 0.5 0.10184 -1
4039 1.5 0.100792 1
1219 15.5 0.104352 -1
3840 23.5 0.110082 1
575 0.5 0.0935572 1
1560 2.5 0.0870208 -1
195 0.5 0.0972778 -1
951 0.5 0.0965037 -1
1159 2.5 0.106576 1
1822 2.5 0.0945746 -1
2183 3.5 0.0951679 -1
1822 10.5 0.0942778 1
1084 13.5 0.109672 -1
3855 25.5 0.108895 1
3850 0.5 0.102858 -1
1551 3.5 0.0981936 -1
3320 1.5 0.0937044 1
1648 2.5 0.0934474 -1
3596 0.5 0.0928286 1
572 2.5 0.0973311 1
1032 1.5 0.0907787 1
2784 17.5 0.0986205 -1
3056 9.5 0.112178 1
3087 8.5 0.094004 -1
3086 6.5 0.0965819 1
1265 3.5 0.0888314 1
632 7.5 0.104422 -1
2846 2.5 0.0973505 -1
286 5.5 0.0894771 -1
1919 0.5 0.094355 -1
2575 13.5 0.0944249 1
3960 5.5 0.109197 -1
3071 5.5 0.097465 1
3807 0.5 0.0979363 -1
1632 3.5 0.0960097 1
1247 1.5 0.0967445 -1
1293 0.5 0.098834 1
3343 6.5 0.090986 -1
2321 0.5 0.0906895 -1
2528 7.5 0.0867505 1
2815 5.5 0.0937743 1
2047 6.5 0.0974018 -1
2288 3.5 0.0927367 -1
1536 6.5 0.0951083 1
3334 3.5 0.104724 1
1536 15.5 0.102711 -1
888 2.5 0.0898248 -1
1695 0.5 0.0830285 1
3835 0.5 0.0892583 -1
1344 3.5 0.0873706 1
3981 0.5 0.103419 -1
256 20.5 0.0963869 1
292 0.5 0.0955469 -1
3071 8.5 0.0986978 1
3167 0.5 0.10313 -1
3312 17.5 0.1028 1
3808 9.5 0.102275 -1
3811 1.5 0.0884173 1
976 0.5 0.0904412 -1
3009 0.5 0.0953839 -1
3584 7.5 0.0958567 1
2798 0.5 0.0975378 -1
1548 1.5 0.0860219 1
3000 0.5 0.0909017 -1
3838 6.5 0.110401 1
459 0.5 0.0940766 -1
448 3.5 0.0924423 1
1072 3.5 0.0917202 -1
3343 1.5 0.0889084 -1
3622 0.5 0.0888974 -1
2019 5.5 0.0936829 1
3267 6.5 0.0968277 -1
1054 1.5 0.0935125 -1
2297 0.5 0.0878365 1
3199 0.5 0.0866946 -1
1217 1.5 0.0871452 -1
2828 0.5 0.088686 1
574 2.5 0.0889104 1
2940 0.5 0.0822727 -1
1792 6.5 0.0946878 1
497 3.5 0.0935372 1
3070 3.5 0.0780586 -1
124 1.5 0.0799521 1
2291 1.5 0.0862088 -1
60 0.5 0.0922711 -1
2815 1.5 0.0880709 1
798 13.5 0.0911987 1
3518 0.5 0.0977663 -1
260 1.5 0.082823 1
3587 1.5 0.0880419 1
776 1.5 0.0836595 -1
1472 3.5 0.0831864 1
3663 0.5 0.0901394 -1
3614 1.5 0.0903225 -1
3855 2.5 0.0822836 1
527 3.5 0.0874626 -1
2562 0.5 0.0772861 1
1567 2.5 0.079434 1
3612 1.5 0.0787737 1
2076 2.5 0.0780695 -1
1263 2.5 0.0784843 -1
2578 0.5 0.0805489 1
195 8.5 0.0845155 -1
1264 10.5 0.088676 1
32 3.5 0.0867261 -1
1822 17.5 0.10285 1
3870 22.5 0.0989879 -1
4065 5.5 0.0821222 1
1807 2.5 0.0843152 -1
524 0.5 0.0819308 1
2559 9.5 0.0844347 1
2045 1.5 0.10018 -1
2575 13.5 0.0878557 1
1912 11.5 0.0899952 -1
2840 2.5 0.0925531 1
529 0.5 0.0824792 -1
2063 1.5 0.0786114 -1
1280 5.5 0.089125 1
3104 2.5 0.0888663 1
3208 0.5 0.0861145 -1
1806 9.5 0.0863617 1
2542 4.5 0.0805113 -1
2415 0.5 0.0838566 1
3081 0.5 0.0875227 -1
352 1.5 0.0809895 1
451 0.5 0.0878036 -1
3132 1.5 0.0846451 -1
3192 0.5 0.0747042 1
3265 0.5 0.0788681 -1
3776 0.5 0.0868719 1
3904 3.5 0.0770714 1
2938 0.5 0.0973582 -1
3582 5.5 0.0850975 1
3564 0.5 0.0812316 -1
1343 0.5 0.0777198 1
2273 15.5 0.0823964 1
888 17.5 0.0902971 -1
2815 9.5 0.0978645 1
2001 0.5 0.0925759 -1
1523 1.5 0.086447 1
2239 0.5 0.078974 -1
1182 0.5 0.0736154 -1
1794 1.5 0.0830396 1
1799 5.5 0.0776767 -1
3390 2.5 0.0888376 1
2447 1.5 0.0774185 1
1282 1.5 0.0780948 -1
1985 1.5 0.0803475 -1
3087 10.5 0.0771149 -1
3323 0.5 0.0826118 -1
2947 2.5 0.0804042 1
2303 3.5 0.0895919 1
2039 0.5 0.0819018 -1
4078 3.5 0.0762296 1
2788 0.5 0.0963777 -1
3076 3.5 0.0815226 1
1219 14.5 0.0968478 -1
1567 0.5 0.09017 -1
399 1.5 0.0814478 1
2809 0.5 0.0779418 1
1292 1.5 0.0729309 1
2430 1.5 0.0754735 -1
2017 17.5 0.0889059 1
1656 11.5 0.0925166 -1
449 7.5 0.089584 1
2160 4.5 0.0855419 -1
241 2.5 0.0743359 1
2670 0.5 0.0794535 -1
525 0.5 0.0815102 1
1015 1.5 0.0812227 -1
2072 2.5 0.086269 1
1032 0.5 0.0823882 1
1513 0.5 0.0769678 -1
135 4.5 0.0874686 1
4095 2.5 0.0815129 1
191 0.5 0.087151 -1
3843 1.5 0.0775593 1
752 16.5 0.0842055 -1
2179 0.5 0.0910784 -1
3325 0.5 0.0735878 -1
1310 2.5 0.0882661 -1
2567 2.5 0.0782627 -1
2401 0.5 0.0728654 1
3820 1.5 0.0881521 -1
3568 26.5 0.099094 1
32 3.5 0.0902819 -1
1761 21.5 0.0883761 1
3264 0.5 0.0864666 1
1039 2.5 0.0736119 -1
2307 0.5 0.0711459 1
1295 9.5 0.0798005 1
3004 0.5 0.0768161 -1
3844 3.5 0.0864182 1
3856 0.5 0.0904203 1
3102 15.5 0.0923755 1
1535 3.5 0.0782744 1
2576 3.5 0.0763834 -1
3279 1.5 0.0703088 -1
387 0.5 0.0827212 -1
17 0.5 0.0801086 -1
2032 2.5 0.0765344 -1
1084 9.5 0.0798181 -1
483 6.5 0.0901477 1
3960 9.5 0.0859251 -1
4071 1.5 0.0861578 1
2540 0.5 0.0703317 -1
1251 1.5 0.0761658 -1
3950 0.5 0.0713231 -1
2593 0.5 0.0753226 1
3837 0.5 0.0816971 -1
3328 17.5 0.0763146 1
796 1.5 0.0747292 1
960 2.5 0.0717148 1
512 8.5 0.0774014 1
3335 2.5 0.077959 1
96 1.5 0.0757911 -1
832 2.5 0.0721047 -1
711 1.5 0.0707402 1
608 0.5 0.0746158 1
2112 3.5 0.0809918 1
2796 1.5 0.0848009 -1
1790 6.5 0.089084 1
3338 0.5 0.0779388 -1
1376 3.5 0.0802281 1
775 6.5 0.0822401 -1
1535 9.5 0.0859856 1
3342 16.5 0.45852 -1
2936 1.5 0.308249 -1
1219 8.5 0.284419 -1
2784 10.5 0.244277 -1
14 11.5 0.210292 1
527 8.5 0.20561 -1
3263 0.5 0.180423 -1
2542 1.5 0.177614 -1
2243 2.5 0.186932 -1
1927 3.5 0.165634 -1
3312 13.5 0.174019 1
2798 2.5 0.178412 -1
2936 5.5 0.167356 -1
1548 2.5 0.168991 1
1212 0.5 0.154715 -1
3779 0.5 0.160459 1
3009 2.5 0.168389 -1
2321 0.5 0.147692 -1
3087 4.5 0.155989 -1
3902 2.5 0.148281 -1
3852 1.5 0.137249 1
3727 3.5 0.134186 1
891 0.5 0.167928 -1
286 6.5 0.133856 -1
3680 3.5 0.144023 1
3319 0.5 0.152175 -1
1312 0.5 0.139682 1
926 0.5 0.143234 1
752 13.5 0.135591 -1
224 8.5 0.145431 1
2291 1.5 0.140086 -1
12 2.5 0.128512 1
3556 0.5 0.129234 -1
3612 3.5 0.133751 1
888 5.5 0.126854 -1
1796 2.5 0.124302 1
3551 1.5 0.132308 -1
2815 9.5 0.133697 1
1084 8.5 0.134685 -1
3096 2.5 0.135641 1
3135 0.5 0.126481 -1
2528 14.5 0.116481 -1
1036 1.5 0.118334 1
2191 2.5 0.124488 -1
766 0.5 0.128427 -1
190 0.5 0.127569 -1
3340 2.5 0.12621 1
3900 2.5 0.122257 -1
3870 2.5 0.125537 -1
3053 0.5 0.130013 -1
2310 2.5 0.116038 1
3424 0.5 0.122409 1
3568 16.5 0.1161 1
2160 6.5 0.131542 -1
993 13.5 0.127499 1
896 2.5 0.124908 -1
3390 1.5 0.116145 1
1776 7.5 0.116289 -1
316 0.5 0.118879 -1
783 4.5 0.110687 -1
2575 6.5 0.127038 1
1513 0.5 0.112984 -1
2656 3.5 0.12163 1
1912 8.5 0.123353 -1
1376 3.5 0.123665 1
60 9.5 0.119895 -1
3335 5.5 0.122151 1
2560 32.5 0.123394 -1
1807 1.5 0.127777 -1
240 2.5 0.100606 1
1518 0.5 0.10523 -1
1904 3.5 0.112792 -1
3596 1.5 0.106439 1
3841 1.5 0.10382 1
2031 1.5 0.112113 -1
975 1.5 0.107168 1
4040 0.5 0.111899 -1
4031 3.5 0.124466 1
3573 0.5 0.128605 -1
2317 0.5 0.115084 1
2878 3.5 0.102676 -1
1155 3.5 0.110588 1
203 0.5 0.0967924 -1
2289 4.5 0.12276 1
1024 6.5 0.10166 1
3871 0.5 0.119806 -1
3854 9.5 0.107065 1
98 0.5 0.121442 -1
1343 1.5 0.116807 1
2464 0.5 0.103309 -1
673 0.5 0.108763 1
3840 6.5 0.110212 1
1249 13.5 0.115455 1
528 2.5 0.101814 -1
3594 0.5 0.0994569 -1
1471 1.5 0.118977 1
572 0.5 0.097962 -1
3422 0.5 0.112264 -1
1251 0.5 0.115288 -1
3552 15.5 0.108423 -1
892 2.5 0.104777 1
3327 5.5 0.104656 -1
3343 6.5 0.115136 -1
2076 2.5 0.115135 -1
3824 14.5 0.119747 1
888 5.5 0.107752 -1
2820 1.5 0.0980784 1
40 0.5 0.109247 -1
1822 15.5 0.119503 1
2416 8.5 0.110216 -1
2944 2.5 0.1153 1
777 0.5 0.10031 -1
3088 4.5 0.116697 1
1761 3.5 0.101178 -1
1536 21.5 0.106173 -1
3555 4.5 0.114696 1
1880 0.5 0.106488 -1
2275 0.5 0.10198 -1
1532 1.5 0.105802 -1
1551 4.5 0.0946857 -1
2940 1.5 0.0964728 -1
3608 1.5 0.094136 1
319 0.5 0.0911259 1
3134 1.5 0.0935253 1
3132 0.5 0.090357 -1
766 1.5 0.0946913 -1
1483 0.5 0.0936044 -1
242 0.5 0.1244 1
1018 0.5 0.0993761 -1
1854 0.5 0.112598 -1
1800 0.5 0.0997309 1
3827 0.5 0.0941809 -1
2400 2.5 0.100831 1
3614 4.5 0.0952026 -1
2542 4.5 0.110759 -1
3358 20.5 0.102284 1
2243 9.5 0.104428 -1
3855 26.5 0.109088 1
3328 5.5 0.112999 1
643 0.5 0.104751 -1
3192 0.5 0.0970261 1
608 1.5 0.0923333 1
2288 5.5 0.0877819 -1
3315 1.5 0.101334 -1
2802 1.5 0.106499 1
1764 0.5 0.11749 -1
1550 2.5 0.0989532 -1
2183 5.5 0.0958639 -1
2622 2.5 0.101536 1
2680 1.5 0.0963507 -1
2809 0.5 0.093834 1
705 4.5 0.0919965 1
444 0.5 0.106832 -1
3335 5.5 0.104848 1
3981 0.5 0.11386 -1
2569 0.5 0.110936 1
771 0.5 0.096888 1
3424 2.5 0.0958114 1
48 2.5 0.0938677 -1
1912 1.5 0.0905736 -1
1936 0.5 0.0905235 -1
2575 13.5 0.110605 1
3087 17.5 0.10053 -1
455 2.5 0.0945143 1
3322 0.5 0.102859 -1
1806 1.5 0.104404 -1
3960 3.5 0.0964557 -1
2803 1.5 0.102617 1
3831 0.5 0.105281 -1
269 0.5 0.0896561 1
17 0.5 0.104837 -1
624 1.5 0.0888191 -1
2017 2.5 0.0941494 1
3332 2.5 0.0998187 1
1245 0.5 0.102155 -1
3356 6.5 0.114121 1
1024 6.5 0.110873 1
2366 3.5 0.0956693 1
3774 0.5 0.0999819 -1
3041 2.5 0.102581 -1
1072 3.5 0.0967359 -1
238 2.5 0.098692 1
3069 0.5 0.100947 -1
2541 0.5 0.0867707 1
2924 0.5 0.106068 -1
135 6.5 0.0955573 1
2160 6.5 0.100886 -1
3715 3.5 0.0994028 1
1283 2.5 0.0976428 -1
1148 1.5 0.0872819 1
3727 0.5 0.0892293 1
3606 0.5 0.0923774 1
1537 3.5 0.0937927 -1
1400 0.5 0.0958747 -1
1598 3.5 0.110158 -1
3215 1.5 0.089458 -1
68 0.5 0.0860174 -1
2334 0.5 0.113968 -1
2559 1.5 0.0974658 1
239 0.5 0.101249 -1
191 2.5 0.100452 -1
1496 0.5 0.100091 1
3870 15.5 0.103498 -1
2255 0.5 0.0817266 -1
816 0.5 0.0842935 1
1191 0.5 0.101619 1
1928 0.5 0.0976706 -1
3568 27.5 0.103066 1
450 0.5 0.105187 -1
28 2.5 0.0928015 -1
2863 0.5 0.0959759 1
2038 0.5 0.0940767 -1
992 11.5 0.0964973 1
195 9.5 0.0949502 -1
927 1.5 0.0931672 1
2051 1.5 0.0887681 1
1549 0.5 0.091225 -1
2302 4.5 0.0954449 1
2279 2.5 0.0905599 -1
2572 2.5 0.0932488 1
3712 0.5 0.0876729 1
2560 14.5 0.0872266 -1
3854 11.5 0.0891489 1
1544 0.5 0.0982676 1
828 3.5 0.089003 1
1535 3.5 0.0995927 1
1475 0.5 0.0906589 -1
3247 0.5 0.103661 -1
3358 23.5 0.0930662 1
446 0.5 0.103807 -1
2238 0.5 0.098945 1
3622 0.5 0.10171 -1
3555 2.5 0.0980196 1
1985 2.5 0.0846701 -1
2510 0.5 0.087348 -1
830 0.5 0.0937292 -1
494 1.5 0.0870905 -1
312 1.5 0.087576 -1
2547 0.5 0.0822711 1
751 0.5 0.0836012 -1
2936 8.5 0.100857 -1
1248 13.5 0.0969599 1
2022 0.5 0.0960133 -1
2623 0.5 0.0923195 1
1888 2.5 0.0855273 1
3011 1.5 0.0843263 -1
2816 14.5 0.0872802 -1
3192 2.5 0.0871843 1
132 0.5 0.0919796 -1
2815 9.5 0.108975 1
3856 0.5 0.110898 1
268 3.5 0.10183 1
2511 0.5 0.0911178 -1
2286 2.5 0.0928434 -1
671 0.5 0.0860877 1
3086 13.5 0.0908626 1
647 6.5 0.0935366 -1
2200 0.5 0.092745 1
1243 0.5 0.0995498 -1
3312 26.5 0.0993049 1
2416 5.5 0.106427 -1
2846 1.5 0.0891497 -1
1439 0.5 0.0883799 1
3135 0.5 0.0941732 -1
963 2.5 0.0743623 -1
911 3.5 0.0797119 1
3896 4.5 0.0887207 -1
3598 15.5 0.384866 -1
3900 2.5 0.370479 -1
2048 18.5 0.30032 1
527 5.5 0.291675 -1
2435 2.5 0.279294 1
3065 1.5 0.284611 -1
1912 1.5 0.268817 -1
3440 0.5 0.256318 1
3855 28.5 0.26951 1
2291 1.5 0.253211 -1
3567 2.5 0.242391 -1
1437 0.5 0.249071 1
3390 0.5 0.264298 1
3088 3.5 0.239159 1
2543 2.5 0.231692 -1
2559 5.5 0.227619 1
4064 7.5 0.260326 1
544 0.5 0.217224 1
2328 1.5 0.252491 1
16 1.5 0.225312 -1
2241 1.5 0.216106 -1
1820 4.5 0.216712 -1
240 8.5 0.260672 1
1032 0.5 0.209782 1
3359 1.5 0.207249 -1
2023 0.5 0.201427 -1
2050 0.5 0.21356 1
2572 1.5 0.2005 1
752 13.5 0.198496 -1
3310 3.5 0.22892 1
415 0.5 0.210928 -1
98 0.5 0.196788 -1
1542 3.5 0.247595 1
1283 2.5 0.196244 -1
2569 0.5 0.208425 1
513 3.5 0.20512 -1
1567 0.5 0.197555 -1
2940 2.5 0.223102 -1
2335 4.5 0.200474 1
1259 0.5 0.21834 -1
3936 3.5 0.203057 1
3588 0.5 0.183463 -1
3454 0.5 0.181188 1
836 0.5 0.182176 1
444 0.5 0.198386 -1
2993 0.5 0.224598 1
63 1.5 0.177201 -1
10 0.5 0.191136 1
191 1.5 0.180636 -1
926 0.5 0.169508 1
2542 4.5 0.202559 -1
2575 6.5 0.18677 1
829 0.5 0.176702 1
527 15.5 0.231712 -1
776 0.5 0.19667 -1
28 1.5 0.182308 -1
1774 0.5 0.174762 -1
3280 0.5 0.193367 -1
29 0.5 0.206659 1
1919 0.5 0.18703 -1
2243 1.5 0.197947 -1
449 2.5 0.184264 1
3064 2.5 0.172831 -1
1148 2.5 0.18301 1
3273 0.5 0.205253 -1
1790 6.5 0.216876 1
2366 1.5 0.186433 1
800 0.5 0.187726 1
1028 0.5 0.193356 -1
2912 1.5 0.183669 1
199 2.5 0.190343 1
3182 0.5 0.182674 -1
1094 0.5 0.187131 1
3267 8.5 0.213798 -1
2555 0.5 0.641359 1
643 4.5 0.642846 1
1352 0.5 0.654582 1
2044 0.5 0.715571 -1
4065 10.5 0.637212 1
3640 1.5 0.633313 1
503 0.5 0.658579 1
2320 2.5 0.638642 -1
3719 9.5 0.622945 1
60 0.5 0.636753 -1
2241 3.5 0.648331 -1
