1 0 
2 0 
3 0 
4 0 
5 0 
6 0 
7 0 
8 0 
9 0 
10 0 
11 0 
12 1 984 731 213 188 0 
13 1 978 731 210 186 0 
14 1 972 731 209 184 0 
15 1 966 730 208 184 0 
16 1 962 732 203 180 0 
17 1 956 731 202 180 0 
18 1 950 732 200 178 0 
19 1 944 733 199 176 0 
20 1 938 732 198 176 0 
21 1 932 732 199 176 0 
22 1 927 733 196 174 0 
23 1 922 734 195 172 0 
24 1 916 733 195 172 0 
25 1 912 735 193 170 0 
26 1 905 733 194 172 0 
27 1 903 736 186 166 0 
28 1 895 734 191 168 0 
29 1 893 735 185 164 0 
30 1 888 734 184 164 0 
31 1 883 734 184 164 0 
32 1 879 734 181 160 0 
33 1 876 734 179 158 0 
34 1 870 732 181 160 0 
35 1 865 732 179 158 0 
36 1 861 732 179 158 0 
37 1 855 730 179 158 0 
38 1 851 730 179 158 0 
39 1 848 731 176 156 0 
40 1 844 733 175 154 0 
41 1 840 733 174 154 0 
42 1 838 734 169 150 0 
43 1 835 735 168 150 0 
44 1 831 734 168 150 0 
45 1 828 735 166 148 0 
46 1 824 735 166 148 0 
47 1 821 737 165 146 0 
48 1 818 739 164 146 0 
49 1 815 740 164 146 0 
50 1 813 743 162 144 0 
51 1 809 745 162 144 0 
52 1 806 747 161 142 0 
53 1 803 748 161 142 0 
54 1 800 747 160 142 0 
55 1 797 748 160 142 0 
56 1 794 749 159 140 0 
57 1 791 749 159 140 0 
58 1 788 748 158 140 0 
59 1 786 748 157 138 0 
60 1 783 748 156 138 0 
61 1 780 747 156 138 0 
62 1 780 749 151 134 0 
63 1 777 750 151 134 0 
64 1 774 749 151 134 0 
65 1 771 749 150 134 0 
66 1 769 750 149 132 0 
67 1 766 749 149 132 0 
68 1 764 749 148 132 0 
69 1 762 750 147 130 0 
70 1 759 747 148 132 0 
71 1 757 748 146 130 0 
72 1 755 747 146 130 0 
73 1 752 746 147 130 0 
74 1 751 745 145 128 0 
75 1 748 743 145 128 0 
76 1 746 743 145 128 0 
77 1 744 743 145 128 0 
78 1 742 743 138 121 0 
79 1 742 742 143 126 0 
80 1 740 741 143 126 0 
81 1 739 740 143 126 0 
82 1 738 740 142 126 0 
83 1 736 738 142 126 0 
84 1 735 737 142 126 0 
85 1 734 738 141 124 0 
86 1 733 737 140 124 0 
87 1 731 737 141 124 0 
88 1 730 736 140 124 0 
89 1 730 739 139 122 0 
90 1 728 738 141 124 0 
91 1 728 740 139 122 0 
92 1 727 741 139 122 0 
93 1 726 743 139 122 0 
94 1 726 745 139 122 0 
95 1 724 745 139 122 0 
96 1 724 745 139 122 0 
97 1 725 747 134 120 0 
98 1 725 747 134 120 0 
99 1 724 748 133 118 0 
100 1 724 747 132 118 0 
101 1 723 746 134 120 0 
102 1 722 746 133 118 0 
103 1 722 745 133 118 0 
104 1 722 744 132 118 0 
105 1 722 744 131 116 0 
106 1 721 742 132 118 0 
107 1 721 742 132 118 0 
108 1 720 741 133 118 0 
109 1 720 741 132 118 0 
110 1 720 742 133 118 0 
111 1 720 743 131 116 0 
112 1 720 743 131 116 0 
113 1 721 744 131 116 0 
114 1 721 744 130 116 0 
115 1 721 744 131 116 0 
116 1 721 743 132 118 0 
117 1 722 744 131 116 0 
118 1 722 744 131 116 0 
119 1 722 744 131 116 0 
120 1 723 745 130 116 0 
121 1 724 746 129 114 0 
122 1 724 746 129 114 0 
123 1 725 744 130 116 0 
124 1 725 745 130 116 0 
125 1 726 744 130 116 0 
126 1 726 743 131 116 0 
127 1 727 742 130 116 0 
128 1 728 743 129 114 0 
129 1 728 741 131 116 0 
130 1 730 741 128 114 0 
131 1 730 741 129 114 0 
132 1 731 741 129 114 0 
133 1 732 741 129 114 0 
134 1 733 741 128 114 0 
135 1 734 742 128 114 0 
136 1 734 742 129 114 0 
137 1 735 744 129 114 0 
138 1 736 745 129 114 0 
139 1 737 747 128 114 0 
140 1 738 749 128 114 0 
141 1 738 751 129 114 0 
142 1 739 752 129 114 0 
143 1 741 755 127 112 0 
144 1 741 754 128 114 0 
145 1 742 755 127 112 0 
146 1 741 753 128 114 0 
147 1 742 753 127 112 0 
148 1 742 750 128 114 0 
149 1 743 750 127 112 0 
150 1 743 748 127 112 0 
151 1 743 746 127 112 0 
152 1 743 744 127 112 0 
153 1 743 744 127 112 0 
154 1 744 740 126 112 0 
155 1 744 740 126 112 0 
156 1 744 738 126 112 0 
157 1 744 738 126 112 0 
158 1 744 739 127 112 0 
159 1 744 739 127 112 0 
160 1 745 740 126 112 0 
161 1 745 740 126 112 0 
162 1 745 740 126 112 0 
163 1 745 741 126 112 0 
164 1 745 741 126 112 4 
165 1 745 743 125 110 4 
166 1 745 741 126 112 4 
167 1 745 743 125 110 0 
168 1 745 743 125 110 0 
169 1 745 745 125 110 0 
170 1 745 743 125 110 0 
171 1 743 743 126 112 0 
172 1 742 741 126 112 0 
173 1 741 740 126 112 0 
174 2 513 724 106 94 0 741 740 124 110 0 
175 2 512 725 105 92 0 740 740 125 110 0 
176 2 511 724 105 92 0 739 738 125 110 0 
177 2 510 722 106 94 0 738 736 125 110 0 
178 2 508 722 106 94 0 738 736 124 110 0 
179 2 506 720 111 98 0 737 735 125 110 0 
180 2 501 718 111 98 0 736 735 125 110 0 
181 2 501 718 116 103 0 736 735 124 110 0 
182 2 495 718 111 98 0 735 736 124 110 0 
183 2 500 722 111 98 0 735 738 124 110 0 
184 2 500 724 111 98 0 735 740 124 110 0 
185 2 500 728 106 94 0 735 742 124 110 0 
186 2 502 732 106 94 0 735 744 124 110 0 
187 2 502 734 106 94 0 735 747 123 108 0 
188 2 502 734 111 98 0 735 749 123 108 0 
189 2 497 732 111 98 0 735 748 123 108 0 
190 2 497 732 111 98 0 736 747 122 108 0 
191 2 497 732 106 94 0 735 747 123 108 0 
192 2 499 732 111 98 0 736 746 122 108 0 
193 2 497 727 116 103 0 736 744 122 108 0 
194 2 494 725 111 98 0 736 742 122 108 0 
195 2 496 725 110 98 0 738 743 117 104 0 
196 2 496 724 110 98 0 738 743 117 104 0 
197 2 496 724 109 96 0 739 743 117 104 0 
198 2 496 722 109 96 0 739 742 117 104 0 
199 2 496 722 109 96 0 737 741 122 108 0 
200 2 494 722 109 96 0 737 740 122 108 0 
201 2 494 722 109 96 0 737 741 122 108 0 
202 2 494 722 109 96 0 740 743 117 104 0 
203 2 494 722 109 96 0 740 741 117 104 0 
204 2 494 722 109 96 0 740 742 117 104 0 
205 2 494 722 109 96 0 738 741 122 108 0 
206 2 492 724 109 96 0 738 742 122 108 0 
207 2 492 726 109 96 0 740 745 117 104 0 
208 2 492 728 109 96 0 738 744 122 108 0 
209 2 492 728 109 96 0 738 744 122 108 0 
210 2 492 732 109 96 0 739 746 122 108 0 
211 2 492 732 109 96 0 741 749 116 104 0 
212 2 490 731 113 100 0 739 748 122 108 0 
213 2 490 731 113 100 0 742 749 117 104 0 
214 2 490 731 113 100 0 742 749 117 104 0 
215 2 490 731 113 100 0 742 749 117 104 0 
216 2 742 749 117 104 0 490 730 113 100 0 
217 2 490 730 113 100 0 743 751 116 104 0 
218 2 490 730 113 100 0 744 751 116 104 0 
219 2 488 730 113 100 0 744 751 116 104 0 
220 2 488 730 113 100 0 744 750 116 104 4 
221 2 488 730 113 100 0 745 751 115 102 4 
222 2 488 730 113 100 0 745 749 116 104 0 
223 2 488 730 113 100 0 746 750 115 102 0 
224 2 488 730 113 100 0 745 748 116 104 0 
225 2 488 728 113 100 0 746 748 115 102 0 
226 2 488 728 118 104 0 746 748 115 102 0 
227 2 485 726 118 104 0 746 748 115 102 0 
228 2 485 726 118 104 0 746 748 115 102 0 
229 2 746 748 115 102 0 486 727 115 102 0 
230 2 746 746 115 102 4 486 727 115 102 0 
231 2 746 746 115 102 0 486 725 115 102 0 
232 2 746 744 115 102 0 486 723 115 102 0 
233 2 746 744 115 102 0 486 723 115 102 0 
234 2 746 742 115 102 0 484 721 115 102 0 
235 2 746 740 115 102 4 484 719 115 102 0 
236 2 484 717 115 102 0 748 738 115 102 4 
237 2 484 717 115 102 0 748 737 115 102 0 
238 2 483 715 116 104 0 748 737 114 102 0 
239 2 482 714 117 104 0 748 736 114 102 0 
240 2 748 738 114 102 0 482 717 117 104 0 
241 2 748 740 114 102 0 481 717 117 104 0 
242 2 748 742 114 102 0 480 719 117 104 0 
243 2 748 744 114 102 0 480 721 117 104 0 
244 2 480 723 117 104 0 748 744 115 102 0 
245 2 480 725 117 104 0 748 745 115 102 0 
246 2 478 727 117 104 0 748 747 115 102 0 
247 2 478 729 117 104 0 748 749 115 102 0 
248 2 478 731 117 104 0 748 751 115 102 0 
249 2 478 731 117 104 0 748 751 115 102 0 
250 2 478 731 117 104 0 748 753 114 102 0 
251 2 478 731 117 104 0 748 753 114 102 0 
252 2 478 731 117 104 0 749 754 113 100 0 
253 2 478 729 117 104 0 749 751 112 100 0 
254 2 478 729 117 104 0 749 751 113 100 0 
255 2 478 727 117 104 0 749 750 112 100 0 
256 2 478 727 117 104 0 749 749 113 100 0 
257 2 478 725 117 104 0 750 747 112 100 0 
258 2 478 725 117 104 0 751 748 111 98 0 
259 2 478 725 117 104 0 751 748 111 98 0 
260 2 478 725 122 109 0 750 749 112 100 0 
261 2 475 725 117 104 0 750 750 112 100 0 
262 2 478 729 117 104 0 751 752 111 98 0 
263 2 478 729 122 109 0 751 752 112 100 0 
264 2 475 731 117 104 0 751 755 112 100 0 
265 2 474 733 123 108 0 751 757 112 100 0 
266 2 474 733 124 110 0 752 758 112 100 0 
267 2 475 734 123 108 0 752 758 112 100 0 
268 2 475 733 123 108 0 752 757 112 100 0 
269 2 475 733 123 108 0 752 756 113 100 0 
270 2 475 731 123 108 0 752 755 112 100 0 
271 2 475 729 123 108 0 753 755 111 98 0 
272 2 475 727 123 108 0 753 752 112 100 0 
273 2 475 725 123 108 0 754 751 111 98 0 
274 2 475 725 123 108 0 754 751 111 98 0 
275 2 475 725 123 108 0 754 751 111 98 0 
276 2 475 725 123 108 0 754 751 111 98 0 
277 2 475 723 123 108 0 754 751 111 98 0 
278 2 475 725 123 108 0 754 751 111 98 0 
279 2 475 724 124 110 0 754 752 111 98 0 
280 2 474 724 125 110 0 754 753 111 98 0 
281 2 474 725 124 110 0 754 753 111 98 0 
282 2 474 724 124 110 0 753 752 112 100 0 
283 2 474 724 125 110 0 753 752 112 100 0 
284 2 474 725 125 110 0 753 752 112 100 0 
285 2 474 724 125 110 0 753 752 112 100 0 
286 2 474 723 125 110 0 753 751 112 100 0 
287 2 474 723 125 110 0 753 753 111 98 0 
288 2 474 723 125 110 0 752 753 110 98 0 
289 2 474 723 125 110 0 752 753 110 98 0 
290 2 474 723 125 110 0 752 753 110 98 0 
291 2 474 723 125 110 0 752 753 110 98 0 
292 2 474 723 125 110 0 753 752 110 98 0 
293 2 472 721 125 110 0 752 751 111 98 0 
294 2 472 721 125 110 0 752 749 110 98 0 
295 2 472 719 125 110 0 752 747 110 98 0 
296 2 472 718 125 110 0 752 747 111 98 0 
297 2 472 717 124 110 0 752 745 110 98 0 
298 2 471 717 125 110 0 752 744 110 98 0 
299 2 471 717 124 110 0 752 745 109 96 0 
300 2 470 716 126 112 0 751 745 110 98 0 
301 2 471 717 124 110 0 751 745 110 98 0 
302 2 471 719 124 110 0 751 746 110 98 0 
303 2 470 720 125 110 0 751 748 110 98 0 
304 2 470 720 125 110 0 751 748 110 98 0 
305 2 470 722 125 110 0 751 750 109 96 0 
306 2 470 722 125 110 0 750 751 111 98 0 
307 2 470 722 125 110 0 750 751 110 98 0 
308 2 470 724 125 110 0 750 753 110 98 0 
309 2 470 724 125 110 0 750 755 109 96 0 
310 2 470 725 124 110 0 750 755 109 96 0 
311 2 470 725 124 110 0 750 755 109 96 0 
312 2 470 725 124 110 0 750 755 109 96 0 
313 2 470 725 124 110 0 750 755 109 96 0 
314 2 470 723 124 110 0 750 755 109 96 0 
315 2 750 753 109 96 0 471 723 123 108 0 
316 2 750 751 109 96 0 471 722 123 108 0 
317 2 750 749 109 96 0 471 721 123 108 0 
318 2 471 721 123 108 0 749 747 110 98 0 
319 2 471 719 123 108 0 749 746 110 98 0 
320 2 471 719 123 108 0 749 746 109 96 0 
321 2 471 718 123 108 0 748 746 109 96 0 
322 2 471 718 123 108 0 748 745 109 96 0 
323 2 471 718 123 108 0 748 745 109 96 0 
324 2 471 718 123 108 0 748 745 108 96 0 
325 2 471 718 123 108 0 748 745 108 96 0 
326 2 471 718 123 108 0 748 745 108 96 0 
327 2 471 720 117 102 0 748 745 108 96 0 
328 2 748 747 108 96 0 472 720 123 108 0 
329 2 746 747 108 96 0 472 720 123 108 0 
330 2 746 747 108 96 0 472 720 123 108 0 
331 2 746 747 108 96 0 472 722 123 108 0 
332 2 746 747 108 96 0 472 720 123 108 0 
333 2 746 747 108 96 0 472 720 123 108 0 
334 2 746 747 108 96 0 472 722 123 108 0 
335 2 746 745 108 96 0 472 720 123 108 0 
336 2 744 745 108 96 0 472 720 123 108 0 
337 2 744 745 108 96 0 472 720 123 108 0 
338 2 744 745 108 96 0 472 720 123 108 0 
339 2 472 720 123 108 0 744 745 109 96 0 
340 2 472 720 123 108 0 744 746 108 96 0 
341 2 472 720 123 108 0 744 746 108 96 0 
342 2 474 722 123 108 0 744 748 108 96 0 
343 2 474 722 123 108 0 744 748 108 96 0 
344 2 474 722 123 108 0 744 750 107 94 0 
345 2 474 722 123 108 0 744 750 107 94 0 
346 2 474 722 123 108 0 744 750 107 94 0 
347 2 474 722 123 108 0 744 750 107 94 0 
348 2 474 720 123 108 0 744 750 107 94 0 
349 2 474 720 123 108 0 744 748 107 94 0 
350 2 476 720 123 108 0 744 748 107 94 0 
351 2 476 720 123 108 0 744 748 107 94 0 
352 2 476 720 123 108 0 744 748 107 94 0 
353 2 476 718 123 108 0 744 747 107 94 0 
354 2 476 718 123 108 0 744 747 107 94 0 
355 2 476 718 123 108 0 744 747 107 94 0 
356 2 476 718 123 108 0 744 747 107 94 0 
357 2 478 720 117 102 0 744 747 107 94 0 
358 2 481 723 123 108 0 744 748 107 94 0 
359 2 478 722 117 102 0 744 749 107 94 0 
360 2 481 725 117 102 0 743 749 107 94 0 
361 2 481 725 117 102 0 743 748 108 96 0 
362 2 481 725 123 108 0 744 749 107 94 0 
363 2 480 722 123 108 0 744 749 107 94 0 
364 2 480 722 123 108 0 744 749 107 94 0 
365 2 480 722 123 108 0 744 748 106 94 0 
366 2 480 722 123 108 0 744 749 106 94 0 
367 2 482 722 123 108 0 744 749 106 94 0 
368 2 482 722 117 102 0 744 749 106 94 0 
369 2 485 725 123 108 0 744 749 106 94 0 
370 2 482 722 123 108 0 744 749 106 94 0 
371 2 482 722 123 108 0 744 749 106 94 0 
372 2 484 724 117 102 0 744 751 106 94 0 
373 2 487 727 117 102 0 744 751 106 94 0 
374 2 487 727 117 102 0 744 751 106 94 0 
375 2 487 727 117 102 0 744 751 106 94 0 
376 2 487 727 123 108 0 744 751 106 94 0 
377 2 486 724 123 108 0 744 751 106 94 0 
378 2 486 724 123 108 0 746 751 106 94 0 
379 2 486 724 123 108 0 746 750 106 94 0 
380 2 488 724 123 108 0 746 750 107 94 0 
381 2 492 727 115 102 0 747 751 107 94 0 
382 2 493 726 116 104 0 747 749 107 94 0 
383 2 747 749 107 94 0 494 726 115 102 0 
384 2 747 749 107 94 0 494 726 115 102 0 
385 2 747 747 107 94 0 494 724 115 102 0 
386 2 747 745 107 94 0 496 722 115 102 0 
387 2 749 743 107 94 0 496 722 109 97 0 
388 2 749 741 107 94 0 499 721 115 102 0 
389 2 749 739 107 94 0 496 718 115 102 0 
390 2 749 739 107 94 0 498 716 115 102 0 
391 2 749 737 107 94 0 498 716 115 102 0 
392 2 749 737 107 94 0 498 716 115 102 0 
393 2 749 737 107 94 0 498 716 115 102 0 
394 2 749 739 107 94 0 498 716 115 102 0 
395 2 749 739 107 94 0 500 718 115 102 0 
396 2 749 741 107 94 0 500 718 115 102 0 
397 2 749 743 107 94 0 500 720 115 102 0 
398 2 749 743 107 94 0 502 720 115 102 0 
399 2 749 745 107 94 0 502 722 109 97 0 
400 2 749 747 107 94 0 505 725 115 102 0 
401 2 749 747 107 94 0 504 722 115 102 0 
402 2 749 747 107 94 0 504 724 109 97 0 
403 2 749 747 107 94 0 507 727 115 102 0 
404 2 749 747 107 94 0 506 724 109 97 0 
405 2 749 747 107 94 0 509 727 115 102 0 
406 2 749 745 107 94 0 508 724 109 97 0 
407 2 511 727 109 97 0 750 745 109 96 0 
408 2 511 727 109 97 0 750 745 109 96 0 
409 2 511 725 115 102 0 750 743 109 96 0 
410 2 510 722 109 97 0 750 742 109 96 0 
411 2 511 722 112 100 0 750 742 109 96 0 
412 2 513 722 110 98 0 749 740 110 98 0 
413 2 513 720 110 98 0 749 740 109 96 0 
414 2 513 720 110 98 0 749 740 109 96 0 
415 2 513 720 104 93 0 748 739 110 98 0 
416 2 516 721 110 98 0 748 738 110 98 0 
417 2 515 718 110 98 0 748 740 109 96 0 
418 2 515 718 104 93 0 747 739 110 98 0 
419 2 518 719 110 98 0 747 738 109 96 0 
420 2 515 716 104 93 0 747 740 109 96 0 
421 2 518 719 104 93 0 747 739 109 96 0 
422 2 519 719 104 93 0 746 739 109 96 0 
423 2 519 717 110 98 0 746 739 109 96 0 
424 2 518 716 110 98 0 746 740 109 96 0 
425 2 518 718 110 98 0 746 741 111 98 0 
426 2 520 722 104 93 0 746 743 111 98 0 
427 2 523 726 110 98 0 747 745 110 98 0 
428 2 520 727 104 93 0 746 747 111 98 0 
429 2 524 733 104 93 0 747 750 110 98 0 
430 2 525 736 104 93 0 747 753 110 98 0 
431 2 526 737 104 93 0 748 754 111 98 0 
432 2 527 738 110 98 0 749 755 110 98 0 
433 2 524 737 104 93 0 748 756 111 98 0 
434 2 530 740 110 98 0 748 756 111 98 0 
435 2 529 737 104 93 0 748 756 111 98 0 
436 2 532 738 110 98 0 748 754 111 98 0 
437 2 529 733 110 98 0 750 752 110 98 0 
438 2 529 731 110 98 0 750 750 111 98 0 
439 2 531 729 110 98 0 750 748 111 98 0 
440 2 531 727 110 98 0 750 745 110 98 0 
441 2 531 725 110 98 0 750 744 110 98 0 
442 2 533 723 110 98 0 750 742 111 98 0 
443 2 533 723 104 93 0 750 741 110 98 0 
444 2 536 726 104 93 0 749 741 110 98 0 
445 2 536 727 104 93 0 749 742 110 98 0 
446 2 536 727 110 98 0 747 743 112 100 0 
447 2 533 728 104 93 0 747 747 112 100 0 
448 2 537 734 104 93 0 747 751 112 100 0 
449 2 537 737 110 98 0 745 755 112 100 0 
450 2 534 738 110 98 0 747 759 111 98 0 
451 2 534 740 110 98 0 746 761 111 98 0 
452 2 534 742 104 93 0 746 763 111 98 0 
453 2 537 745 104 93 0 746 762 111 98 0 
454 2 537 743 104 93 0 746 760 111 98 0 
455 2 537 741 104 93 0 746 757 111 98 0 
456 2 538 737 104 93 0 745 754 111 98 0 
457 2 538 735 104 93 0 745 752 111 98 0 
458 2 538 731 104 93 0 745 748 111 98 0 
459 2 538 729 104 93 0 743 746 111 98 0 
460 2 538 727 104 93 0 743 743 111 98 0 
461 2 538 725 104 93 0 743 744 110 98 0 
462 2 538 725 104 93 0 742 743 111 98 0 
463 2 538 725 104 93 0 741 741 111 98 0 
464 2 540 726 104 92 0 741 740 111 98 0 
465 2 540 728 104 92 0 740 741 111 98 0 
466 2 538 728 99 87 0 739 742 112 100 0 
467 2 541 731 99 87 0 739 742 111 98 0 
468 2 541 731 104 92 0 738 743 111 98 0 
469 2 538 730 99 87 0 737 744 112 100 0 
470 2 541 731 104 92 0 736 743 112 100 0 
471 2 538 728 104 92 0 736 743 112 100 0 
472 2 538 728 104 92 0 736 743 111 98 0 
473 2 538 728 104 92 0 736 743 111 98 0 
474 2 538 728 99 87 0 736 742 111 98 0 
475 2 542 731 99 87 0 735 742 111 98 0 
476 2 542 729 104 92 0 735 740 112 100 0 
477 2 539 726 104 92 0 735 740 112 100 0 
478 2 539 726 104 92 0 735 740 112 100 0 
479 2 539 726 99 87 0 735 740 112 100 0 
480 2 543 729 94 83 0 735 740 112 100 0 
481 2 546 731 94 83 0 735 740 112 100 0 
482 2 546 731 94 83 0 735 741 111 98 0 
483 2 546 731 94 83 0 735 742 111 98 0 
484 2 547 732 94 83 0 735 744 111 98 0 
485 2 547 733 99 87 0 735 745 112 100 0 
486 2 549 732 94 84 0 735 746 112 100 0 
487 2 549 733 95 84 0 734 746 112 100 0 
488 2 550 734 94 84 0 765 744 124 110 0 
489 2 550 734 95 84 0 734 748 112 100 0 
490 2 550 734 95 84 0 765 747 123 108 0 
491 2 552 735 93 82 0 765 746 124 110 0 
492 2 552 735 93 82 0 765 745 125 110 0 
493 2 553 734 92 82 0 735 745 112 100 0 
494 2 553 734 92 82 0 729 724 165 146 0 
495 2 553 732 92 82 0 759 717 178 158 0 
496 2 555 732 92 82 0 760 717 175 154 0 
497 2 556 731 91 80 0 729 718 166 148 0 
498 2 729 716 166 148 0 556 729 92 82 0 
499 2 729 716 166 148 0 557 727 92 82 0 
500 2 558 727 92 82 0 736 738 111 98 0 
501 2 558 726 92 82 0 736 736 112 100 0 
502 2 559 726 92 82 0 736 737 111 98 0 
503 2 561 727 91 80 0 736 737 112 100 0 
504 2 562 728 90 80 0 736 738 112 100 0 
505 2 563 729 90 80 0 737 738 112 100 0 
506 2 563 729 90 80 0 736 739 112 100 0 
507 2 563 729 90 80 0 736 740 113 100 0 
508 2 563 731 85 76 0 737 740 112 100 0 
509 2 567 733 90 80 0 737 741 112 100 0 
510 2 567 733 89 78 0 769 734 131 116 0 
511 2 769 734 131 116 0 568 734 89 78 0 
512 2 769 736 131 116 0 569 734 88 78 0 
513 2 769 736 131 116 0 570 735 88 78 0 
514 2 769 738 131 116 0 571 737 88 78 0 
515 2 769 738 131 116 0 571 737 88 78 0 
516 2 771 740 131 116 0 573 737 88 78 0 
517 2 771 740 131 116 0 573 737 88 78 0 
518 2 771 740 131 116 0 575 737 88 78 0 
519 2 771 740 131 116 0 575 737 83 74 0 
520 1 773 740 131 116 0 
521 1 773 738 131 116 0 
522 1 773 736 131 116 4 
523 1 773 734 131 116 4 
524 1 773 734 131 116 4 
525 1 773 732 131 116 0 
526 1 773 730 131 116 0 
527 1 775 728 131 116 0 
528 1 775 728 131 116 0 
529 1 775 728 131 116 0 
530 1 775 730 131 116 0 
531 1 777 730 131 116 0 
532 1 777 732 131 116 0 
533 1 777 732 131 116 0 
534 1 777 734 131 116 0 
535 1 777 736 131 116 0 
536 1 777 736 131 116 0 
537 1 779 736 131 116 0 
538 1 779 738 131 116 0 
539 1 779 738 131 116 0 
540 1 779 736 131 116 0 
541 1 781 736 131 116 0 
542 1 781 734 131 116 0 
543 1 781 732 131 116 0 
544 1 781 730 131 116 0 
545 1 783 730 131 116 0 
546 1 783 728 131 116 0 
547 1 783 728 131 116 0 
548 1 783 728 131 116 0 
549 1 785 730 131 116 0 
550 1 785 732 131 116 0 
551 1 785 732 131 116 0 
552 1 785 734 131 116 0 
553 1 785 736 131 116 0 
554 1 785 736 131 116 0 
555 1 785 738 131 116 0 
556 1 785 738 131 116 0 
557 1 785 736 131 116 0 
558 1 787 736 131 116 0 
559 1 787 734 131 116 0 
560 1 787 734 131 116 0 
561 1 787 732 131 116 0 
562 1 787 732 131 116 0 
563 1 787 732 131 116 0 
564 1 787 730 131 116 0 
565 1 787 730 131 116 0 
566 1 789 732 131 116 0 
567 1 789 732 131 116 0 
568 1 789 734 131 116 0 
569 1 789 736 131 116 0 
570 1 789 736 131 116 0 
571 1 789 738 131 116 0 
572 1 789 738 131 116 0 
573 1 789 738 131 116 0 
574 1 789 738 131 116 0 
575 1 789 738 131 116 0 
576 1 791 736 131 116 0 
577 1 791 734 131 116 0 
578 1 791 732 131 116 0 
579 1 791 730 131 116 0 
580 1 791 728 131 116 0 
581 1 791 728 131 116 0 
582 1 791 726 131 116 0 
583 1 793 726 131 116 0 
584 1 793 726 131 116 0 
585 1 793 728 131 116 0 
586 1 793 728 131 116 0 
587 1 793 730 131 116 0 
588 1 793 730 131 116 0 
589 1 793 730 131 116 0 
590 1 795 730 131 116 0 
591 1 795 730 131 116 0 
592 1 795 730 131 116 0 
593 1 795 732 131 116 0 
594 1 795 732 131 116 0 
595 1 795 732 131 116 0 
596 1 795 734 131 116 0 
597 1 795 732 124 110 0 
598 1 764 739 115 102 0 
599 1 765 741 113 100 0 
600 1 766 740 112 100 0 
601 1 766 739 112 100 0 
602 1 766 739 113 100 0 
603 1 766 738 113 100 0 
604 1 766 736 113 100 0 
605 1 766 736 113 100 0 
606 1 766 737 113 100 0 
607 1 766 736 113 100 0 
608 1 766 737 114 102 0 
609 1 766 738 113 100 0 
610 1 766 737 115 102 0 
611 1 766 740 113 100 0 
612 1 766 739 114 102 0 
613 1 767 740 113 100 0 
614 1 768 740 112 100 0 
615 1 768 740 113 100 0 
616 1 768 740 113 100 0 
617 1 768 742 113 100 0 
618 1 768 742 112 100 0 
619 1 768 742 113 100 0 
620 1 768 743 113 100 0 
621 1 768 743 112 100 0 
622 1 769 745 111 98 0 
623 1 769 746 111 98 0 
624 1 769 745 111 98 0 
625 1 769 744 112 100 0 
626 1 769 745 111 98 0 
627 1 770 745 111 98 0 
628 1 772 746 109 96 0 
629 1 769 744 112 100 0 
630 1 770 745 111 98 0 
631 1 770 744 111 98 0 
632 1 770 745 110 98 0 
633 1 771 745 110 98 0 
634 1 770 744 111 98 0 
635 1 771 744 110 98 0 
636 1 770 743 112 100 0 
637 1 772 744 109 96 0 
638 1 771 742 112 100 0 
639 1 770 741 113 100 0 
640 1 771 741 112 100 0 
641 1 770 742 113 100 0 
642 1 770 742 113 100 0 
643 1 771 742 112 100 0 
644 1 771 744 112 100 0 
645 1 771 745 111 98 0 
646 1 771 746 112 100 0 
647 1 771 747 112 100 0 
648 1 771 748 112 100 0 
649 1 770 749 113 100 0 
650 1 770 748 113 100 0 
651 1 770 747 113 100 0 
652 1 770 748 112 100 0 
653 1 771 748 110 98 0 
654 1 772 747 109 96 0 
655 1 772 747 109 96 0 
656 1 771 744 111 98 0 
657 1 771 744 111 98 0 
658 1 771 744 111 98 0 
659 1 772 744 110 98 0 
660 1 770 745 111 98 0 
661 1 769 745 112 100 0 
662 1 768 746 113 100 0 
663 1 768 746 113 100 0 
664 1 768 745 113 100 0 
665 1 768 746 112 100 0 
666 1 769 747 111 98 0 
667 1 768 744 112 100 0 
668 1 768 743 112 100 0 
669 1 770 744 110 98 0 
670 1 769 743 111 98 0 
671 1 768 742 112 100 0 
672 1 768 742 111 98 0 
673 1 768 741 111 98 0 
674 1 768 741 111 98 0 
675 1 768 741 111 98 0 
676 1 768 741 111 98 0 
677 1 768 741 111 98 0 
678 1 767 740 113 100 0 
679 1 767 740 112 100 0 
680 1 767 742 111 98 0 
681 1 767 741 111 98 0 
682 1 766 741 112 100 0 
683 1 766 742 112 100 0 
684 1 766 743 110 98 0 
685 1 766 744 111 98 0 
686 1 765 744 112 100 0 
687 1 765 744 112 100 0 
688 1 764 745 112 100 0 
689 1 764 745 113 100 0 
690 1 764 746 113 100 0 
691 1 764 745 112 100 0 
692 1 764 743 112 100 0 
693 1 764 744 112 100 0 
694 1 763 744 113 100 0 
695 1 764 743 112 100 0 
696 1 763 742 112 100 0 
697 1 763 741 112 100 0 
698 1 763 740 112 100 0 
699 1 762 740 112 100 0 
700 1 762 739 112 100 0 
701 1 762 740 111 98 0 
702 1 762 741 111 98 0 
703 1 762 742 111 98 0 
704 1 762 743 111 98 0 
705 1 763 744 110 98 0 
706 1 763 745 111 98 0 
707 1 763 745 112 100 0 
708 1 763 747 112 100 0 
709 1 763 747 112 100 0 
710 1 765 747 112 100 0 
711 1 764 747 111 98 0 
712 1 765 747 110 98 0 
713 1 765 747 110 98 0 
714 1 765 747 110 98 0 
715 1 765 747 110 98 0 
716 1 765 747 110 98 0 
717 1 766 748 110 98 0 
718 1 766 748 110 98 0 
719 1 767 751 109 96 0 
720 1 767 752 109 96 0 
721 1 768 752 108 96 0 
722 1 768 753 109 96 0 
723 1 768 753 109 96 0 
724 1 768 753 109 96 0 
725 1 768 753 109 96 0 
726 1 769 751 108 96 0 
727 1 770 751 107 94 0 
728 1 771 751 107 94 0 
729 1 770 749 108 96 0 
730 1 770 749 108 96 0 
731 1 770 747 108 96 0 
732 1 770 747 108 96 0 
733 1 770 749 108 96 0 
734 1 771 750 106 94 0 
735 1 771 750 106 94 0 
736 1 771 750 106 94 0 
737 1 771 752 106 94 0 
738 1 770 752 105 92 0 
739 1 768 751 107 94 0 
740 1 767 752 107 94 0 
741 1 767 752 107 94 0 
742 1 767 750 106 94 0 
743 1 766 750 106 94 0 
744 1 766 749 107 94 0 
745 1 765 748 108 96 0 
746 1 765 746 106 94 0 
747 1 764 745 107 94 0 
748 1 764 744 107 94 0 
749 1 764 744 106 94 0 
750 1 764 744 106 94 0 
751 1 764 745 105 92 0 
752 1 763 745 105 92 0 
753 1 764 746 104 92 0 
754 1 762 747 106 94 0 
755 1 762 749 105 92 0 
756 1 761 748 106 94 0 
757 1 761 749 106 94 0 
758 1 761 751 105 92 0 
759 1 760 750 106 94 0 
760 1 760 750 105 92 0 
761 1 760 750 105 92 0 
762 1 760 750 105 92 0 
763 1 760 750 105 92 0 
764 1 760 751 104 92 0 
765 1 759 750 105 92 0 
766 1 759 752 104 92 0 
767 1 759 753 104 92 0 
768 1 759 754 104 92 0 
769 1 758 755 104 92 0 
770 1 758 756 104 92 0 
771 1 758 756 104 92 0 
772 1 756 751 124 110 0 
773 1 760 759 98 88 0 
774 1 760 760 98 88 0 
775 1 760 760 99 88 0 
776 1 760 761 98 88 0 
777 1 760 761 98 88 0 
778 1 759 762 99 88 0 
779 1 759 762 99 88 0 
780 1 759 762 99 88 0 
781 1 759 760 99 88 0 
782 1 759 760 99 88 0 
783 1 756 756 104 92 0 
784 1 759 758 99 88 0 
785 1 759 757 98 88 0 
786 1 759 757 98 88 0 
787 1 759 756 98 88 0 
788 1 759 756 98 88 0 
789 1 759 756 98 88 0 
790 1 759 756 98 88 0 
791 1 759 756 98 88 0 
792 1 758 757 99 88 0 
793 1 759 757 98 88 0 
794 1 758 757 99 88 0 
795 1 759 757 98 88 0 
796 1 759 757 97 86 0 
797 1 759 757 97 86 0 
798 1 758 758 97 86 0 
799 1 758 758 97 86 0 
800 1 758 757 97 86 0 
801 1 758 756 96 86 0 
802 1 757 755 97 86 0 
803 1 755 748 113 100 0 
804 1 755 748 113 100 0 
805 1 757 752 96 86 0 
806 1 757 751 96 86 0 
807 1 757 751 96 86 0 
808 1 757 751 96 86 0 
809 1 757 751 96 86 0 
810 1 756 753 95 84 0 
811 1 756 754 95 84 0 
812 1 755 756 95 84 0 
813 1 755 757 95 84 0 
814 1 754 757 95 84 0 
815 1 754 758 95 84 0 
816 1 754 758 95 84 0 
817 1 754 758 95 84 0 
818 1 754 757 95 84 0 
819 1 753 757 95 84 0 
820 1 753 757 94 84 0 
821 1 753 756 94 84 0 
822 1 753 755 94 84 0 
823 1 752 755 94 84 0 
824 1 752 755 95 84 0 
825 1 752 755 95 84 0 
826 1 752 755 95 84 0 
827 1 750 755 95 84 0 
828 1 751 754 93 82 0 
829 1 750 754 93 82 0 
830 1 750 754 93 82 0 
831 1 750 756 93 82 0 
832 1 749 756 93 82 0 
833 1 750 758 92 82 0 
834 1 749 758 93 82 0 
835 1 750 761 91 80 0 
836 1 749 760 92 82 0 
837 1 748 761 93 82 0 
838 1 748 763 91 80 0 
839 1 748 762 92 82 0 
840 1 747 761 92 82 0 
841 1 747 759 92 82 0 
842 1 746 757 93 82 0 
843 1 746 755 92 82 0 
844 1 746 754 92 82 0 
845 1 745 753 92 82 0 
846 1 745 752 92 82 0 
847 1 745 752 92 82 0 
848 1 745 754 90 80 0 
849 1 744 754 92 82 0 
850 1 744 754 92 82 0 
851 1 744 755 91 80 0 
852 1 743 755 92 82 0 
853 1 742 755 92 82 0 
854 1 742 754 92 82 0 
855 1 742 753 92 82 0 
856 1 742 754 91 80 0 
857 1 742 753 91 80 0 
858 1 742 754 91 80 0 
859 1 741 753 92 82 0 
860 1 741 755 92 82 0 
861 1 740 755 93 82 0 
862 1 740 755 93 82 0 
863 1 740 753 93 82 0 
864 1 740 751 93 82 0 
865 1 740 749 93 82 0 
866 1 740 747 91 80 0 
867 1 740 744 90 80 0 
868 1 740 743 90 80 0 
869 1 739 742 91 80 0 
870 1 739 742 91 80 0 
871 1 738 742 92 82 0 
872 1 738 744 92 82 0 
873 1 738 747 92 82 0 
874 1 738 751 91 80 0 
875 1 738 754 91 80 0 
876 1 738 757 91 80 0 
877 1 738 759 91 80 0 
878 1 737 760 92 82 0 
879 1 737 760 92 82 0 
880 1 738 761 91 80 0 
881 1 738 761 91 80 0 
882 1 738 759 91 80 0 
883 1 738 758 91 80 0 
884 1 737 756 92 82 0 
885 1 737 754 92 82 0 
886 1 737 753 92 82 0 
887 1 737 752 92 82 0 
888 1 737 752 92 82 0 
889 1 737 753 92 82 0 
890 1 737 753 92 82 0 
891 1 737 753 92 82 0 
892 1 737 754 91 80 0 
893 1 736 754 92 82 0 
894 1 736 756 92 82 0 
895 1 736 758 91 80 0 
896 1 736 758 91 80 0 
897 1 736 759 91 80 0 
898 1 735 759 91 80 0 
899 1 735 760 91 80 0 
900 1 735 759 91 80 0 
901 1 734 757 92 82 0 
902 1 734 757 91 80 0 
903 1 734 756 91 80 0 
904 1 734 753 91 80 0 
905 1 734 753 91 80 0 
906 1 734 752 91 80 0 
907 1 733 750 92 82 0 
908 1 733 751 91 80 0 
909 1 733 751 91 80 0 
910 1 733 750 91 80 0 
911 1 732 750 91 80 0 
912 1 732 750 91 80 0 
913 1 732 751 91 80 0 
914 1 732 751 90 80 0 
915 1 732 752 90 80 0 
916 1 731 752 90 80 0 
917 1 730 753 91 80 0 
918 1 730 754 89 78 0 
919 1 730 755 90 80 0 
920 1 730 755 90 80 0 
921 1 729 756 90 80 0 
922 1 729 757 90 80 0 
923 1 729 757 90 80 0 
924 1 728 757 90 80 0 
925 1 728 757 90 80 0 
926 1 728 758 89 78 0 
927 1 727 756 90 80 0 
928 1 727 755 90 80 0 
929 1 726 753 91 80 0 
930 1 726 751 90 80 0 
931 1 726 750 90 80 0 
932 1 726 749 90 80 0 
933 1 726 751 89 78 0 
934 1 725 750 90 80 0 
935 1 725 751 90 80 0 
936 1 725 753 90 80 0 
937 1 725 755 89 78 0 
938 1 725 757 89 78 0 
939 1 725 758 89 78 0 
940 1 724 759 89 78 0 
941 1 724 760 89 78 0 
942 1 724 760 90 80 0 
943 1 724 762 89 78 0 
944 1 724 762 89 78 0 
945 1 724 762 88 78 0 
946 1 724 761 88 78 0 
947 1 725 762 87 76 0 
948 1 723 760 88 78 0 
949 1 722 758 89 78 0 
950 1 722 758 89 78 0 
951 1 722 756 89 78 0 
952 1 722 754 89 78 0 
953 1 721 751 90 80 0 
954 1 722 750 89 78 0 
955 1 721 748 90 80 0 
956 1 721 747 90 80 0 
957 1 721 747 90 80 0 
958 1 721 747 90 80 0 
959 1 721 747 90 80 0 
960 1 721 747 90 80 0 
961 1 721 749 90 80 0 
962 1 721 749 90 80 0 
963 1 721 751 90 80 0 
964 1 721 751 90 80 0 
965 1 723 753 90 80 0 
966 1 723 753 90 80 0 
967 1 723 755 90 80 0 
968 1 723 755 90 80 0 
969 1 723 755 90 80 0 
970 1 723 755 90 80 0 
971 1 725 755 90 80 0 
972 1 725 753 90 80 0 
973 1 725 753 90 80 0 
974 1 725 753 90 80 0 
975 1 725 753 90 80 0 
976 1 727 751 90 80 0 
977 1 727 749 90 80 0 
978 1 727 749 90 80 0 
979 1 727 747 90 80 0 
980 1 727 745 90 80 0 
981 1 729 745 90 80 0 
982 1 729 745 90 80 0 
983 1 729 745 90 80 0 
984 1 729 749 90 80 0 
985 1 731 751 90 80 0 
986 1 731 755 90 80 0 
987 1 731 757 90 80 0 
988 1 731 761 90 80 0 
989 1 731 763 90 80 0 
990 1 733 763 90 80 0 
991 1 733 763 90 80 0 
992 1 733 761 90 80 0 
993 1 733 759 90 80 0 
994 1 735 759 90 80 0 
995 1 735 755 90 80 0 
996 1 735 753 90 80 0 
997 1 735 753 90 80 0 
998 1 737 751 90 80 0 
999 1 736 751 89 78 0 
1000 1 737 751 89 78 0 
1001 1 738 750 89 78 0 
1002 1 738 750 89 78 0 
1003 1 740 750 89 78 0 
1004 1 740 750 89 78 0 
1005 1 740 750 89 78 0 
1006 1 742 752 89 78 0 
1007 1 742 752 89 78 0 
1008 1 742 752 89 78 0 
1009 1 742 752 89 78 0 
1010 1 744 752 89 78 0 
1011 1 744 754 89 78 0 
1012 1 744 754 89 78 0 
1013 1 746 754 89 78 0 
1014 1 746 756 89 78 0 
1015 1 746 756 89 78 0 
1016 1 748 756 89 78 0 
1017 1 748 758 89 78 0 
1018 1 748 756 89 78 0 
1019 1 750 758 89 78 0 
1020 1 750 758 89 78 0 
1021 1 750 758 89 78 0 
1022 1 750 758 89 78 0 
1023 1 750 758 89 78 0 
1024 1 752 758 89 78 0 
1025 1 752 756 89 78 0 
1026 1 752 756 89 78 0 
1027 1 752 754 89 78 0 
1028 1 752 754 89 78 0 
1029 1 752 752 89 78 0 
1030 1 754 750 89 78 0 
1031 1 754 750 89 78 0 
1032 1 754 750 89 78 0 
1033 1 754 750 89 78 0 
1034 1 754 750 89 78 0 
1035 1 754 752 89 78 0 
1036 1 754 752 89 78 0 
1037 1 754 752 89 78 0 
1038 1 754 754 89 78 0 
1039 1 754 754 89 78 0 
1040 1 754 754 89 78 0 
1041 1 754 754 89 78 0 
1042 1 754 754 89 78 0 
1043 1 754 754 89 78 0 
1044 1 754 754 89 78 0 
1045 1 754 754 89 78 0 
1046 1 754 754 89 78 0 
1047 1 754 754 89 78 0 
1048 1 754 754 89 78 0 
1049 1 754 754 89 78 0 
1050 1 754 754 89 78 0 
1051 1 754 754 89 78 0 
1052 1 754 754 89 78 0 
1053 1 754 752 89 78 0 
1054 1 754 752 89 78 0 
1055 1 754 752 89 78 0 
1056 1 754 752 89 78 0 
1057 1 754 752 89 78 0 
1058 1 754 752 89 78 0 
1059 1 752 752 89 78 0 
1060 1 752 752 89 78 0 
1061 1 752 752 89 78 0 
1062 1 752 752 89 78 0 
1063 1 752 752 89 78 0 
1064 1 752 752 89 78 0 
1065 1 752 752 89 78 0 
1066 1 752 752 89 78 0 
1067 1 750 752 89 78 0 
1068 1 750 752 89 78 0 
1069 1 750 752 89 78 0 
1070 1 750 752 89 78 0 
1071 1 750 752 89 78 0 
1072 1 750 752 89 78 0 
1073 1 750 750 89 78 0 
1074 1 750 750 89 78 0 
1075 1 748 752 89 78 0 
1076 1 748 750 89 78 0 
1077 1 748 750 89 78 0 
1078 1 746 747 93 82 0 
1079 1 746 746 93 82 0 
1080 1 746 746 93 82 0 
1081 1 746 746 93 82 0 
1082 1 746 746 93 82 0 
1083 1 744 746 93 82 0 
1084 1 744 746 93 82 0 
1085 1 744 750 92 82 0 
1086 1 744 751 91 80 0 
1087 1 744 752 91 80 0 
1088 1 744 753 91 80 0 
1089 1 744 756 90 80 0 
1090 1 743 755 92 82 0 
1091 1 743 757 90 80 0 
1092 1 742 757 91 80 0 
1093 1 742 757 91 80 0 
1094 1 742 755 91 80 0 
1095 1 742 753 91 80 0 
1096 1 742 749 91 80 0 
1097 1 742 747 91 80 0 
1098 1 743 745 90 80 0 
1099 1 743 741 90 80 0 
1100 1 743 741 90 80 0 
1101 1 744 740 91 80 0 
1102 1 744 740 90 80 0 
1103 1 744 742 90 80 0 
1104 1 744 743 90 80 0 
1105 1 744 744 90 80 0 
1106 1 744 746 91 80 0 
1107 1 744 748 90 80 0 
1108 1 744 749 90 80 0 
1109 1 744 748 90 80 0 
1110 1 744 749 91 80 0 
1111 1 744 751 91 80 0 
1112 1 744 751 91 80 0 
1113 1 744 750 91 80 0 
1114 1 744 750 91 80 0 
1115 1 744 749 91 80 0 
1116 1 745 749 90 80 0 
1117 1 747 749 89 78 0 
1118 1 747 748 89 78 0 
1119 1 749 749 87 76 0 
1120 1 748 747 88 78 0 
1121 1 749 746 88 78 0 
1122 1 746 746 91 80 0 
1123 1 749 747 88 78 0 
1124 1 749 747 88 78 0 
1125 1 749 747 88 78 0 
1126 1 751 747 88 78 0 
1127 1 749 747 90 80 0 
1128 1 749 749 90 80 0 
1129 1 750 750 89 78 0 
1130 1 750 750 90 80 0 
1131 1 751 752 89 78 0 
1132 1 751 753 90 80 0 
1133 1 751 753 90 80 0 
1134 1 751 754 89 78 0 
1135 1 752 755 88 78 0 
1136 1 752 753 88 78 0 
1137 1 752 753 88 78 0 
1138 1 754 753 88 78 0 
1139 1 754 753 89 78 0 
1140 1 754 751 89 78 0 
1141 1 755 751 89 78 0 
1142 1 758 751 87 76 0 
1143 1 758 752 87 76 0 
1144 1 758 752 87 76 0 
1145 1 758 754 87 76 0 
1146 1 760 754 91 79 0 
1147 1 758 755 87 76 0 
1148 1 760 758 87 76 0 
1149 1 760 760 87 76 0 
1150 1 760 760 87 76 0 
1151 1 760 762 87 76 0 
1152 1 758 760 91 80 0 
1153 1 758 760 90 80 0 
1154 1 759 761 89 78 0 
1155 1 759 760 89 78 0 
1156 1 759 759 89 78 0 
1157 1 759 758 90 80 0 
1158 1 759 756 90 80 0 
1159 1 759 754 90 80 0 
1160 1 759 754 90 80 0 
1161 1 760 755 89 78 0 
1162 1 760 753 89 78 0 
1163 1 760 752 89 78 0 
1164 1 760 752 89 78 0 
1165 1 761 752 89 78 0 
1166 1 761 751 89 78 0 
1167 1 762 752 89 78 0 
1168 1 762 752 89 78 0 
1169 1 763 753 88 78 0 
1170 1 764 753 88 78 0 
1171 1 765 753 88 78 0 
1172 1 764 754 89 78 0 
1173 1 764 752 90 80 0 
1174 1 765 752 90 80 0 
1175 1 766 755 87 76 0 
1176 1 766 754 88 78 0 
1177 1 768 755 87 76 0 
1178 1 767 755 89 78 0 
1179 1 768 755 89 78 0 
1180 1 768 755 89 78 0 
1181 1 769 755 89 78 0 
1182 1 770 755 89 78 0 
1183 1 771 755 88 78 0 
1184 1 772 755 88 78 0 
1185 1 776 757 82 74 0 
1186 1 773 754 88 78 0 
1187 1 774 753 89 78 0 
1188 1 774 753 89 78 0 
1189 1 776 751 89 78 0 
1190 1 776 751 89 78 0 
1191 1 777 750 89 78 0 
1192 1 779 751 87 76 0 
1193 1 779 749 88 78 0 
1194 1 780 750 89 78 0 
1195 1 780 749 90 80 0 
1196 1 782 751 88 78 0 
1197 1 782 753 88 78 0 
1198 1 784 755 88 78 0 
1199 1 784 757 88 78 0 
1200 1 784 759 88 78 0 
1201 1 786 759 88 78 0 
1202 1 786 761 88 78 0 
1203 1 786 761 88 78 0 
1204 1 788 761 88 78 0 
1205 1 788 759 88 78 0 
1206 1 788 757 88 78 0 
1207 1 790 755 88 78 0 
1208 1 790 753 88 78 0 
1209 1 790 751 88 78 0 
1210 1 792 749 88 78 0 
1211 1 792 747 88 78 0 
1212 1 792 747 88 78 0 
1213 1 792 747 88 78 0 
1214 1 792 747 88 78 0 
1215 1 792 747 88 78 0 
1216 1 792 749 88 78 0 
1217 1 792 751 88 78 0 
1218 1 792 753 88 78 0 
1219 1 792 755 88 78 0 
1220 1 790 755 88 78 0 
1221 1 790 755 88 78 0 
1222 1 790 757 88 78 0 
1223 1 790 757 88 78 0 
1224 1 788 755 88 78 0 
1225 1 788 755 88 78 0 
1226 1 788 755 88 78 0 
1227 1 788 753 88 78 0 
1228 1 788 751 88 78 0 
1229 1 788 751 88 78 0 
1230 1 788 749 88 78 0 
1231 1 788 749 88 78 0 
1232 1 788 751 88 78 0 
1233 1 788 751 88 78 0 
1234 1 786 753 88 78 0 
1235 1 786 755 88 78 0 
1236 1 786 755 88 78 0 
1237 1 786 757 88 78 0 
1238 1 786 759 88 78 0 
1239 1 786 759 88 78 0 
1240 1 786 759 88 78 0 
1241 1 786 759 88 78 0 
1242 1 786 757 88 78 0 
1243 1 786 757 88 78 0 
1244 1 786 755 88 78 0 
1245 1 788 755 88 78 0 
1246 1 788 755 88 78 0 
1247 1 788 757 88 78 0 
1248 1 790 757 88 78 0 
1249 1 790 759 88 78 0 
1250 1 792 761 88 78 0 
1251 1 792 761 88 78 0 
1252 1 794 761 88 78 0 
1253 1 794 759 88 78 0 
1254 1 796 755 88 78 0 
1255 1 796 753 88 78 0 
1256 1 798 751 88 78 0 
1257 1 798 749 88 78 0 
1258 1 798 747 88 78 0 
1259 1 800 745 88 78 0 
1260 1 800 745 88 78 0 
1261 1 802 745 88 78 0 
1262 1 802 747 88 78 0 
1263 1 804 747 88 78 0 
1264 1 804 749 88 78 0 
1265 1 806 749 88 78 0 
1266 1 806 749 88 78 0 
1267 1 806 749 88 78 0 
1268 1 808 749 88 78 0 
1269 1 808 749 88 78 0 
1270 1 808 749 88 78 0 
1271 1 810 749 88 78 0 
1272 1 810 749 88 78 0 
1273 1 810 749 88 78 0 
1274 1 810 749 88 78 0 
1275 1 812 749 88 78 0 
1276 1 812 749 88 78 0 
1277 1 812 749 88 78 0 
1278 1 812 749 88 78 0 
1279 1 812 749 88 78 0 
1280 1 812 747 88 78 0 
1281 1 812 747 88 78 0 
1282 1 812 747 88 78 0 
1283 1 814 747 88 78 0 
1284 1 814 747 88 78 0 
1285 1 814 747 88 78 0 
1286 1 814 749 88 78 0 
1287 1 814 749 88 78 0 
1288 1 814 749 88 78 0 
1289 1 814 749 88 78 0 
1290 1 814 749 88 78 0 
1291 1 814 749 88 78 0 
1292 1 816 747 88 78 0 
1293 1 816 747 88 78 0 
1294 1 816 747 88 78 0 
1295 1 816 747 88 78 0 
1296 1 816 747 88 78 0 
1297 1 816 747 88 78 0 
1298 1 816 749 88 78 0 
1299 1 816 749 88 78 0 
1300 1 816 749 88 78 0 
1301 1 818 751 88 78 0 
1302 1 818 751 88 78 0 
1303 1 818 753 88 78 0 
1304 1 818 753 88 78 0 
1305 1 818 753 88 78 0 
1306 1 818 753 88 78 0 
1307 1 818 753 88 78 0 
1308 1 818 751 88 78 0 
1309 1 818 751 88 78 0 
1310 1 818 751 88 78 0 
1311 1 818 749 88 78 0 
1312 1 818 749 88 78 0 
1313 1 818 749 88 78 0 
1314 1 818 749 88 78 0 
1315 1 818 751 88 78 0 
1316 1 818 751 88 78 0 
1317 1 818 751 88 78 0 
1318 1 818 751 88 78 0 
1319 1 818 753 88 78 0 
1320 1 818 753 88 78 4 
1321 1 818 753 88 78 4 
1322 1 818 753 88 78 4 
1323 1 818 753 88 78 4 
1324 1 818 755 88 78 4 
1325 1 818 755 88 78 4 
1326 1 818 755 88 78 0 
1327 1 818 755 88 78 0 
1328 1 818 755 88 78 0 
1329 1 816 753 88 78 0 
1330 1 816 753 88 78 0 
1331 1 816 751 88 78 0 
1332 1 816 749 88 78 0 
1333 1 816 749 88 78 0 
1334 1 816 747 88 78 0 
1335 1 814 747 88 78 0 
1336 1 814 747 88 78 0 
1337 1 814 747 88 78 0 
1338 1 812 749 88 78 0 
1339 2 812 749 88 78 0 427 687 215 190 0 
1340 2 810 751 88 78 0 433 691 211 186 4 
1341 2 810 751 88 78 0 439 692 211 186 4 
1342 2 808 753 88 78 0 444 693 210 186 4 
1343 2 808 753 88 78 0 449 695 210 186 4 
1344 2 808 753 88 78 4 453 695 210 186 4 
1345 2 806 753 88 78 4 457 695 210 186 4 
1346 2 806 753 88 78 4 461 695 200 177 4 
1347 2 804 751 88 78 4 469 700 190 168 4 
1348 2 804 751 88 78 4 479 704 190 168 4 
1349 2 802 751 88 78 4 482 704 190 168 4 
1350 2 802 751 88 78 4 485 701 202 180 4 
1351 2 800 751 88 78 0 489 701 202 180 4 
1352 2 800 751 88 78 0 493 701 202 180 4 
1353 2 798 751 88 78 0 497 701 202 180 0 
1354 2 798 753 88 78 0 501 703 202 180 0 
1355 2 796 753 88 78 0 505 703 202 180 0 
1356 2 796 753 88 78 0 509 705 202 180 0 
1357 2 794 753 88 78 0 511 705 192 171 0 
1358 2 794 753 88 78 0 519 710 192 171 0 
1359 2 794 753 88 78 0 523 709 185 164 0 
1360 2 792 753 88 78 0 527 709 185 164 0 
1361 2 792 753 88 78 0 531 709 176 156 0 
1362 2 790 751 88 78 0 538 711 185 164 4 
1363 2 790 751 88 78 0 538 707 185 164 4 
1364 2 790 751 88 78 4 540 707 176 156 4 
1365 2 788 749 88 78 4 547 709 176 156 4 
1366 2 788 749 88 78 4 550 709 176 156 4 
1367 2 553 709 176 156 4 788 736 124 110 4 
1368 2 556 709 167 148 4 741 723 139 122 4 
1369 2 562 711 167 148 4 786 734 124 110 4 
1370 2 565 711 167 148 4 786 734 124 110 4 
1371 2 568 711 167 148 0 784 734 124 110 4 
1372 2 784 734 124 110 0 567 708 183 162 2 
1373 2 782 734 124 110 0 569 708 183 162 2 
1374 2 782 734 124 110 0 573 708 183 162 2 
1375 2 780 734 118 104 0 575 708 183 162 2 
1376 2 783 737 124 110 0 577 708 183 162 2 
1377 2 778 736 124 110 4 580 709 175 154 2 
1378 2 583 709 174 154 2 744 726 161 142 4 
1379 1 630 703 195 172 0 
1380 1 630 703 195 172 4 
1381 1 630 703 195 172 4 
1382 1 632 705 195 172 4 
1383 1 597 716 165 146 4 
1384 1 599 715 166 148 4 
1385 1 644 715 174 154 4 
1386 2 603 716 165 146 4 821 737 139 122 0 
1387 2 821 737 139 122 0 605 716 165 146 4 
1388 2 819 737 139 122 0 608 716 164 146 4 
1389 2 819 737 139 122 0 657 733 140 124 0 
1390 2 817 735 139 122 0 612 717 163 144 0 
1391 2 817 735 139 122 0 614 716 163 144 4 
1392 2 815 735 132 116 0 612 699 203 180 4 
1393 2 816 738 126 110 0 618 716 162 144 4 
1394 2 819 741 132 116 0 620 716 162 144 4 
1395 2 622 717 162 144 4 816 739 131 116 0 
1396 1 666 705 197 174 0 
1397 1 667 706 195 172 4 
1398 1 671 708 191 168 4 
1399 1 671 708 191 168 0 
1400 1 673 708 191 168 0 
1401 1 673 710 173 152 4 
1402 1 637 719 160 142 4 
1403 1 639 719 160 142 4 
1404 1 639 719 160 142 4 
1405 1 689 718 168 150 0 
1406 1 645 720 158 140 4 
1407 1 693 720 164 146 0 
1408 1 648 719 159 140 0 
1409 1 650 719 158 140 0 
1410 1 652 720 158 140 4 
1411 1 653 721 158 140 4 
1412 1 655 721 158 140 4 
1413 1 657 723 158 140 4 
1414 1 658 723 158 140 4 
1415 1 657 701 203 180 4 
1416 1 657 701 203 180 4 
1417 1 659 701 203 180 4 
1418 1 659 701 193 171 4 
1419 1 665 721 160 142 4 
1420 1 667 722 159 140 4 
1421 1 711 722 175 154 0 
1422 1 715 724 169 150 0 
1423 1 667 701 192 170 0 
1424 1 673 721 158 140 0 
1425 1 675 722 157 138 4 
1426 1 673 704 184 164 4 
1427 1 677 723 157 138 4 
1428 1 677 722 159 140 4 
1429 1 677 708 179 158 4 
1430 1 678 707 178 158 4 
1431 1 679 708 176 156 4 
1432 1 682 722 158 140 4 
1433 1 681 715 174 154 4 
1434 1 684 717 168 150 4 
1435 1 685 717 167 148 4 
1436 1 686 719 163 144 4 
1437 1 687 718 165 146 4 
1438 1 688 720 162 144 4 
1439 1 689 720 161 142 4 
1440 1 686 703 203 180 4 
1441 1 691 723 159 140 4 
1442 1 693 723 158 140 4 
1443 1 693 724 158 140 4 
1444 1 697 727 151 134 4 
1445 1 695 724 156 138 4 
1446 1 696 724 156 138 4 
1447 1 697 723 156 138 4 
1448 1 699 721 156 138 4 
1449 1 699 722 157 138 4 
1450 1 701 721 156 138 4 
1451 1 699 716 160 142 4 
1452 1 697 712 163 144 4 
1453 1 697 711 165 146 4 
1454 1 697 711 167 148 4 
1455 1 697 711 169 150 4 
1456 1 691 695 208 184 4 
1457 1 695 708 176 156 4 
1458 1 695 708 178 158 4 
1459 1 695 707 178 158 4 
1460 1 695 708 179 158 4 
1461 1 695 705 182 162 4 
1462 1 695 705 183 162 4 
1463 1 695 705 183 162 4 
1464 1 697 705 183 162 4 
1465 1 697 705 183 162 4 
1466 1 697 705 183 162 4 
1467 1 697 705 183 162 4 
1468 1 697 703 192 170 4 
1469 1 692 701 183 162 4 
1470 1 697 703 192 170 4 
1471 1 692 699 192 170 4 
1472 1 692 701 183 162 4 
1473 1 697 703 192 170 4 
1474 1 692 701 192 170 4 
1475 1 692 701 192 170 4 
1476 1 692 701 192 170 4 
1477 1 721 712 180 160 4 
1478 1 722 712 178 158 4 
1479 1 723 712 177 156 4 
1480 1 721 711 179 158 4 
1481 1 722 710 178 158 4 
1482 1 723 710 177 156 4 
1483 1 723 710 177 156 4 
1484 1 723 710 177 156 4 
1485 1 723 710 177 156 4 
1486 1 723 710 177 156 4 
1487 1 723 710 177 156 4 
1488 1 723 710 185 163 4 
1489 1 724 708 175 154 4 
1490 1 723 708 176 156 4 
1491 1 723 708 176 156 4 
1492 1 723 710 176 156 4 
1493 1 723 710 176 156 4 
1494 1 723 710 176 156 4 
1495 1 720 707 180 160 4 
1496 1 719 708 180 160 4 
1497 1 718 708 181 160 4 
1498 1 723 716 175 154 4 
1499 1 723 716 175 154 4 
1500 1 723 716 175 154 4 
1501 1 723 716 175 154 4 
1502 1 723 716 175 154 4 
1503 1 723 716 175 154 4 
1504 1 721 716 175 154 4 
1505 1 721 714 175 154 4 
1506 1 721 715 174 154 4 
1507 1 721 715 174 154 4 
1508 1 719 713 174 154 4 
1509 1 719 713 174 154 4 
1510 1 722 714 168 150 4 
1511 1 721 713 169 150 4 
1512 1 718 712 175 154 4 
1513 1 716 711 176 156 4 
1514 1 716 711 176 156 4 
1515 1 715 711 177 156 4 
1516 1 715 712 176 156 4 
1517 1 714 713 177 156 4 
1518 1 712 713 179 158 4 
1519 1 713 713 178 158 4 
1520 1 711 714 179 158 4 
1521 1 711 714 180 160 4 
1522 1 709 714 181 160 4 
1523 1 709 714 181 160 4 
1524 1 707 714 181 160 4 
1525 1 707 714 181 160 4 
1526 1 707 714 181 160 4 
1527 1 707 714 181 160 4 
1528 1 705 712 181 160 4 
1529 1 705 712 181 160 4 
1530 1 705 712 181 160 4 
1531 1 705 712 181 160 4 
1532 1 705 710 182 162 4 
1533 1 705 710 182 162 4 
1534 1 705 710 182 162 4 
1535 1 705 710 182 162 4 
1536 1 705 710 182 162 4 
1537 1 705 710 182 162 4 
1538 1 704 712 183 162 4 
1539 1 703 711 184 164 4 
1540 1 703 712 184 164 4 
1541 1 671 688 219 194 0 
1542 1 703 712 183 162 0 
1543 1 703 712 183 162 4 
1544 1 702 711 184 164 4 
1545 1 701 711 185 164 4 
1546 1 701 712 186 166 4 
1547 1 701 711 186 166 4 
1548 1 703 713 185 164 4 
1549 1 703 713 185 164 4 
1550 1 703 713 185 164 4 
1551 1 703 713 185 164 4 
1552 1 703 713 186 166 4 
1553 1 704 712 186 166 4 
1554 1 701 712 191 168 4 
1555 1 702 712 191 168 4 
1556 1 702 712 191 168 4 
1557 1 701 710 192 170 4 
1558 1 702 710 192 170 4 
1559 1 701 710 193 170 4 
1560 1 701 709 193 170 4 
1561 1 702 709 192 170 4 
1562 1 701 709 193 170 4 
1563 1 702 709 192 170 4 
1564 1 702 709 192 170 4 
1565 1 702 709 192 170 4 
1566 1 702 710 192 170 4 
1567 1 702 709 192 170 4 
1568 1 702 709 192 170 4 
1569 1 702 709 192 170 4 
1570 1 702 710 192 170 4 
1571 1 702 708 192 170 4 
1572 1 703 713 183 162 4 
1573 1 703 712 185 164 4 
1574 1 701 709 191 168 4 
1575 1 701 709 191 168 4 
1576 1 701 710 191 168 4 
1577 1 701 709 191 168 4 
1578 1 701 709 191 168 4 
1579 1 701 710 191 168 4 
1580 1 701 710 191 168 4 
1581 1 701 710 191 168 4 
1582 1 701 710 191 168 4 
1583 1 700 710 193 170 4 
1584 1 700 710 193 170 4 
1585 1 699 710 194 172 4 
1586 1 699 710 194 172 4 
1587 1 699 710 195 172 4 
1588 1 698 709 196 174 4 
1589 1 698 710 196 174 4 
1590 1 697 709 198 176 4 
1591 1 697 709 198 176 4 
1592 1 697 710 199 176 4 
1593 1 697 710 199 176 4 
1594 1 697 710 199 176 4 
1595 1 697 709 200 178 4 
1596 1 697 708 200 178 4 
1597 1 696 709 201 178 4 
1598 1 696 709 201 178 4 
1599 1 696 709 201 178 4 
1600 1 696 709 201 178 4 
1601 1 696 708 202 180 4 
1602 1 693 706 208 184 4 
1603 1 696 707 203 180 4 
1604 1 693 705 210 186 4 
1605 1 693 705 208 184 4 
1606 1 693 705 209 184 4 
1607 1 693 705 209 184 4 
1608 1 692 703 210 186 4 
1609 1 691 703 211 186 4 
1610 1 691 700 212 188 4 
1611 1 687 697 216 192 4 
1612 1 687 697 216 192 0 
1613 1 687 697 216 192 0 
1614 1 687 697 216 192 4 
1615 1 687 697 216 192 4 
1616 1 687 697 216 192 4 
1617 1 687 697 216 192 4 
1618 1 687 697 216 192 4 
1619 1 689 697 216 192 4 
1620 1 689 697 216 192 4 
1621 1 689 697 216 192 4 
1622 1 689 697 216 192 4 
1623 1 689 697 216 192 4 
1624 1 689 697 216 192 4 
1625 1 689 697 226 201 4 
1626 1 684 693 226 201 4 
1627 1 680 689 232 206 4 
1628 2 574 726 95 84 0 680 691 232 206 4 
1629 2 680 691 232 206 4 573 727 95 84 4 
1630 2 680 693 232 206 4 572 726 96 86 4 
1631 2 680 693 232 206 4 572 726 96 86 4 
1632 2 682 693 232 206 4 570 726 96 86 4 
1633 2 682 693 232 206 4 570 726 96 86 4 
1634 2 680 693 232 206 4 568 726 96 86 4 
1635 2 568 726 96 86 4 678 691 237 210 4 
1636 2 566 726 96 86 4 675 689 243 214 4 
1637 2 566 726 100 90 4 683 692 234 208 4 
1638 2 683 692 234 208 4 559 723 104 92 4 
1639 2 683 692 234 208 4 558 723 104 92 4 
1640 2 683 694 234 208 4 556 723 106 94 4 
1641 2 683 694 234 208 4 555 723 106 94 4 
1642 2 683 694 234 208 4 553 724 107 94 4 
1643 2 683 694 245 218 4 553 725 105 92 4 
1644 2 678 691 234 208 4 551 724 107 94 4 
1645 2 683 696 234 208 4 549 723 108 96 4 
1646 2 683 696 245 218 4 548 723 109 96 4 
1647 2 680 691 245 218 4 547 723 109 96 4 
1648 2 680 691 245 218 4 546 724 108 96 4 
1649 2 680 691 245 218 4 544 724 108 96 4 
1650 2 680 693 245 218 4 544 724 108 96 4 
1651 2 680 693 245 218 4 542 724 108 96 4 
1652 2 680 693 245 218 4 542 724 108 96 4 
1653 2 680 693 257 229 4 539 724 111 98 4 
1654 2 674 690 245 218 4 539 724 111 98 4 
1655 2 680 695 245 218 4 537 724 111 98 4 
1656 2 680 695 257 229 4 535 724 111 98 4 
1657 2 674 690 257 229 4 528 706 150 134 4 
1658 2 674 690 257 229 4 531 723 113 100 4 
1659 2 674 690 257 229 4 531 723 113 100 4 
1660 2 674 690 257 229 4 529 723 113 100 4 
1661 2 674 690 257 229 4 527 723 113 100 4 
1662 2 674 690 257 229 4 527 721 113 100 4 
1663 2 676 690 270 240 4 525 721 118 104 4 
1664 2 669 684 270 240 4 523 720 117 104 4 
1665 2 669 684 270 240 4 518 718 123 108 4 
1666 2 669 684 270 240 4 516 718 123 108 4 
1667 2 669 684 270 240 4 516 718 123 108 4 
1668 2 669 684 270 240 4 514 718 123 108 4 
1669 2 669 684 270 240 4 514 718 123 108 4 
1670 2 669 684 270 240 4 512 716 129 113 4 
1671 2 669 684 270 240 4 506 716 129 113 4 
1672 2 669 684 270 240 4 506 716 129 113 4 
1673 2 671 684 284 252 4 506 713 117 102 4 
1674 2 664 678 284 252 4 510 718 117 102 4 
1675 2 664 678 284 252 4 510 718 117 102 4 
1676 2 664 678 284 252 4 508 718 117 102 4 
1677 2 664 680 284 252 4 508 718 117 102 4 
1678 2 664 680 284 252 4 506 718 117 102 4 
1679 2 664 680 284 252 4 506 718 117 102 4 
1680 2 664 680 284 252 4 504 718 123 108 4 
1681 2 664 680 284 252 4 499 715 129 113 4 
1682 2 664 680 284 252 4 496 713 129 113 4 
1683 2 664 680 284 252 4 493 713 135 119 4 
1684 2 666 680 298 265 0 490 710 135 119 4 
1685 2 659 674 298 265 0 490 710 129 113 4 
1686 2 659 674 298 265 4 490 713 135 119 4 
1687 2 659 674 298 265 4 487 710 135 119 4 
1688 2 659 674 298 265 4 487 710 135 119 4 
1689 2 659 676 298 265 4 484 710 135 119 4 
1690 2 659 676 298 265 4 484 710 135 119 4 
1691 2 659 676 298 265 4 484 710 135 119 4 
1692 2 659 676 298 265 4 481 712 142 125 4 
1693 2 659 676 298 265 4 477 709 142 125 4 
1694 1 659 676 298 265 4 
1695 1 659 678 298 265 4 
1696 1 659 678 298 265 4 
1697 1 659 678 298 265 4 
1698 1 659 678 298 265 4 
1699 1 661 678 313 278 4 
1700 1 654 671 313 278 4 
1701 1 654 671 313 278 4 
1702 1 654 673 313 278 4 
1703 1 654 673 313 278 4 
1704 1 654 673 313 278 4 
1705 1 654 673 313 278 4 
1706 1 654 673 313 278 4 
1707 1 654 675 313 278 4 
1708 1 654 675 313 278 4 
1709 1 656 675 329 292 4 
1710 1 648 668 329 292 4 
1711 1 648 670 329 292 4 
1712 1 648 670 329 292 4 
1713 1 648 670 329 292 4 
1714 1 648 670 329 292 4 
1715 1 648 670 329 292 4 
1716 1 648 670 329 292 4 
1717 1 648 670 329 292 4 
1718 1 648 672 329 292 4 
1719 1 648 672 329 292 4 
