1 0 
2 0 
3 0 
4 0 
5 1 775 732 98 88 0 
6 1 774 733 99 88 0 
7 1 775 732 98 88 0 
8 1 774 731 98 88 0 
9 1 775 731 98 88 0 
10 1 775 730 98 88 0 
11 1 774 730 99 88 0 
12 1 774 730 99 88 0 
13 1 774 730 99 88 0 
14 1 774 735 88 78 0 
15 1 774 735 88 78 0 
16 1 774 735 88 78 0 
17 1 774 735 88 78 0 
18 1 771 727 104 92 0 
19 1 773 729 99 88 0 
20 1 773 730 98 88 0 
21 1 773 730 98 88 0 
22 1 771 729 98 88 0 
23 1 770 729 99 88 0 
24 1 771 728 98 88 0 
25 1 769 728 99 88 0 
26 1 766 727 104 92 0 
27 1 766 727 104 92 0 
28 1 764 729 104 92 0 
29 1 764 729 104 92 0 
30 1 764 729 104 92 0 
31 1 762 729 105 92 0 
32 1 762 730 105 92 0 
33 1 761 729 106 94 0 
34 1 761 731 105 92 0 
35 1 761 731 105 92 0 
36 1 760 731 105 92 0 
37 1 760 730 105 92 0 
38 1 760 730 105 92 0 
39 1 760 730 105 92 0 
40 1 758 728 105 92 0 
41 1 757 728 106 94 0 
42 1 757 729 105 92 0 
43 1 756 730 107 94 0 
44 1 756 729 106 94 0 
45 1 756 731 107 94 0 
46 1 755 730 107 94 0 
47 1 756 731 107 94 0 
48 1 756 729 107 94 0 
49 1 756 729 106 94 0 
50 1 756 728 107 94 0 
51 1 756 726 107 94 0 
52 1 756 726 107 94 0 
53 1 756 724 107 94 0 
54 1 756 724 107 94 0 
55 1 756 721 108 96 0 
56 1 756 721 108 96 0 
57 1 756 721 108 96 0 
58 1 756 721 108 96 0 
59 1 756 724 108 96 0 
60 1 756 724 108 96 0 
61 1 755 725 109 96 0 
62 1 755 725 109 96 0 
63 1 755 727 109 96 0 
64 1 755 727 109 96 0 
65 1 770 734 93 82 0 
66 1 756 726 108 96 0 
67 1 756 725 110 98 0 
68 1 770 734 95 84 0 
69 1 756 725 111 98 0 
70 1 756 725 111 98 0 
71 1 756 725 111 98 0 
72 1 756 725 111 98 0 
73 1 756 724 111 98 0 
74 1 756 724 111 98 0 
75 1 756 724 111 98 0 
76 1 756 724 111 98 0 
77 1 756 724 111 98 0 
78 1 756 725 111 98 0 
79 1 756 725 111 98 0 
80 1 758 731 96 86 0 
81 1 756 725 112 100 0 
82 1 756 725 112 100 0 
83 1 758 732 96 86 0 
84 1 756 727 113 100 0 
85 1 756 727 113 100 0 
86 1 756 727 113 100 0 
87 1 758 727 112 100 0 
88 1 757 727 113 100 0 
89 1 758 727 112 100 0 
90 1 758 726 113 100 0 
91 1 758 726 113 100 0 
92 1 773 732 96 86 0 
93 1 758 724 114 102 0 
94 1 758 725 114 102 0 
95 1 758 725 115 102 0 
96 1 759 725 114 102 0 
97 1 759 726 115 102 0 
98 1 760 725 115 102 0 
99 1 760 726 115 102 0 
100 1 762 732 99 88 0 
101 1 760 725 116 104 0 
102 1 761 723 116 104 0 
103 1 762 724 115 102 0 
104 1 762 723 115 102 0 
105 1 762 723 115 102 0 
106 1 762 721 115 102 0 
107 1 762 721 115 102 0 
108 1 763 720 116 104 0 
109 1 763 719 117 104 0 
110 1 764 719 116 104 0 
111 1 763 719 117 104 0 
112 1 764 718 116 104 0 
113 1 761 716 122 108 0 
114 1 764 718 117 104 0 
115 1 761 716 122 108 0 
116 1 762 716 122 108 0 
117 1 762 716 122 108 0 
118 1 776 724 106 94 0 
119 1 762 717 122 108 0 
120 1 776 725 107 94 0 
121 1 776 726 107 94 0 
122 1 762 719 123 108 0 
123 1 762 719 123 108 0 
124 1 762 719 123 108 0 
125 1 764 726 106 94 0 
126 1 776 727 107 94 0 
127 1 764 726 106 94 0 
128 1 776 726 108 96 0 
129 1 761 719 124 110 0 
130 1 776 726 108 96 0 
131 1 761 720 124 110 0 
132 1 761 720 125 110 0 
133 1 761 721 125 110 0 
134 1 761 722 125 110 0 
135 1 761 723 124 110 0 
136 1 760 723 126 112 0 
137 1 776 732 108 96 0 
138 1 761 726 125 110 0 
139 1 762 733 109 96 0 
140 1 762 733 109 96 0 
141 1 762 733 109 96 0 
142 1 760 725 126 112 0 
143 1 775 733 109 96 0 
144 1 759 725 127 112 0 
145 1 761 731 110 98 0 
146 1 759 724 127 112 0 
147 1 759 723 127 112 0 
148 1 760 729 111 98 0 
149 1 759 722 127 112 0 
150 1 761 729 110 98 0 
151 1 757 721 129 114 0 
152 1 757 721 129 114 0 
153 1 757 721 129 114 0 
154 1 757 721 129 114 0 
155 1 757 721 135 119 0 
156 1 751 719 135 119 0 
157 1 753 721 129 114 0 
158 1 750 718 141 124 0 
159 1 749 716 142 126 0 
160 1 750 716 141 124 0 
161 1 749 714 142 126 0 
162 1 750 715 141 124 0 
163 1 749 715 141 124 0 
164 1 756 725 112 100 0 
165 1 756 725 113 100 0 
166 1 756 725 113 100 0 
167 1 756 726 112 100 0 
168 1 755 726 113 100 0 
169 1 753 719 130 116 0 
170 1 755 727 112 100 0 
171 1 752 720 131 116 0 
172 1 754 728 113 100 0 
173 1 752 721 130 116 0 
174 1 751 721 131 116 0 
175 1 751 721 131 116 0 
176 1 751 722 131 116 0 
177 1 751 723 131 116 0 
178 1 751 724 131 116 0 
179 1 750 724 132 118 0 
180 1 750 724 132 118 0 
181 1 750 725 132 118 0 
182 1 750 725 132 118 0 
183 1 749 726 133 118 0 
184 1 749 726 132 118 0 
185 1 748 726 133 118 0 
186 1 748 726 133 118 0 
187 1 748 726 133 118 0 
188 1 764 735 115 102 0 
189 1 749 735 115 102 0 
190 1 747 728 132 118 0 
191 1 748 737 115 102 0 
192 1 748 739 115 102 0 
193 1 746 732 133 118 0 
194 1 746 734 133 118 0 
195 1 745 734 134 120 0 
196 1 745 733 134 120 0 
197 1 745 733 133 118 0 
198 1 742 728 139 122 0 
199 1 764 743 96 86 0 
200 1 745 725 132 118 0 
201 1 745 721 132 118 0 
202 1 746 728 115 102 0 
203 1 746 728 115 102 0 
204 1 746 728 115 102 0 
205 1 762 737 96 86 0 
206 1 745 730 115 102 0 
207 1 760 732 115 102 0 
208 1 760 733 115 102 0 
209 1 743 725 134 120 0 
210 1 746 734 115 102 0 
211 1 746 734 115 102 0 
212 1 744 726 133 118 0 
213 1 744 724 133 118 0 
214 1 745 723 132 118 0 
215 1 747 730 113 100 0 
216 1 764 737 95 84 0 
217 1 748 729 113 100 0 
218 1 748 727 114 102 0 
219 1 748 727 114 102 0 
220 1 748 726 114 102 0 
221 1 745 717 134 120 0 
222 1 748 725 114 102 0 
223 1 748 727 113 100 0 
224 1 748 726 114 102 0 
225 1 763 728 114 102 0 
226 1 748 727 114 102 0 
227 1 748 728 115 102 0 
228 1 746 720 132 118 0 
229 1 746 721 132 118 0 
230 1 748 728 114 102 0 
231 1 746 720 133 118 0 
232 1 747 719 132 118 0 
233 1 748 720 132 118 0 
234 1 750 728 113 100 0 
235 1 764 727 115 102 0 
236 1 749 719 132 118 0 
237 1 751 727 113 100 0 
238 1 748 718 132 118 0 
239 1 750 726 115 102 0 
240 1 751 726 114 102 0 
241 1 751 726 114 102 0 
242 1 752 726 113 100 0 
243 1 766 726 114 102 0 
244 1 752 725 113 100 0 
245 1 752 725 113 100 0 
246 1 752 723 113 100 0 
247 1 752 723 112 100 0 
248 1 752 721 113 100 0 
249 1 752 719 113 100 0 
250 1 752 719 113 100 0 
251 1 752 717 113 100 0 
252 1 751 718 113 100 0 
253 1 749 709 132 118 0 
254 1 768 727 93 82 0 
255 1 751 718 112 100 0 
256 1 751 718 112 100 0 
257 1 750 718 113 100 0 
258 1 750 718 113 100 0 
259 1 750 718 113 100 0 
260 1 767 726 94 84 0 
261 1 748 710 131 116 0 
262 1 751 718 112 100 0 
263 1 750 718 113 100 0 
264 1 764 720 113 100 0 
265 1 764 721 113 100 0 
266 1 749 713 130 116 0 
267 1 748 714 131 116 0 
268 1 750 723 112 100 0 
269 1 750 724 113 100 0 
270 1 750 725 112 100 0 
271 1 750 727 111 98 0 
272 1 766 735 93 82 0 
273 1 750 726 112 100 0 
274 1 749 726 112 100 0 
275 1 766 735 93 82 0 
276 1 747 718 130 116 0 
277 1 748 726 112 100 0 
278 1 748 726 112 100 0 
279 1 746 718 130 116 0 
280 1 746 719 129 114 0 
281 1 747 727 111 98 0 
282 1 747 725 112 100 0 
283 1 747 726 111 98 0 
284 1 746 725 111 98 0 
285 1 746 725 111 98 0 
286 1 746 725 111 98 0 
287 1 745 725 111 98 0 
288 1 745 725 111 98 0 
289 1 742 717 129 114 0 
290 1 744 726 111 98 0 
291 1 742 719 128 114 0 
292 1 744 728 110 98 0 
293 1 742 722 127 112 0 
294 1 743 730 110 98 0 
295 1 740 723 128 114 0 
296 1 741 724 126 112 0 
297 1 741 731 110 98 0 
298 1 738 723 128 114 0 
299 1 740 730 110 98 0 
300 1 738 722 127 112 0 
301 1 737 719 128 114 0 
302 1 738 725 110 98 0 
303 1 738 724 109 96 0 
304 1 737 723 109 96 0 
305 1 735 714 126 112 0 
306 1 733 713 128 114 0 
307 1 733 714 127 112 0 
308 1 748 722 109 96 0 
309 1 732 714 126 112 0 
310 1 733 721 110 98 0 
311 1 731 714 126 112 0 
312 1 732 722 109 96 0 
313 1 731 714 126 112 0 
314 1 730 714 126 112 0 
315 1 732 723 109 96 0 
316 1 731 723 109 96 0 
317 1 729 715 126 112 0 
318 1 730 723 109 96 0 
319 1 743 724 108 96 0 
320 1 743 724 108 96 0 
321 1 730 723 108 96 0 
322 1 742 724 109 96 0 
323 1 742 723 109 96 0 
324 1 727 722 108 96 0 
325 1 740 723 109 96 0 
326 1 725 715 126 112 0 
327 1 725 716 125 110 0 
328 1 722 716 127 112 0 
329 1 723 716 126 112 0 
330 1 738 725 108 96 0 
331 1 724 725 108 96 0 
332 1 723 726 109 96 0 
333 1 720 719 126 112 0 
334 1 723 727 107 94 0 
335 1 721 720 125 110 0 
336 1 736 728 107 94 0 
337 1 720 718 125 110 0 
338 1 735 724 108 96 0 
339 1 723 724 106 94 0 
340 1 719 717 125 110 0 
341 1 721 725 107 94 0 
342 1 736 733 89 78 0 
343 1 720 726 107 94 0 
344 1 720 727 107 94 0 
345 1 721 728 106 94 0 
346 1 720 728 107 94 0 
347 1 720 728 108 96 0 
348 1 721 729 107 94 0 
349 1 737 729 106 94 0 
350 1 723 729 106 94 0 
351 1 723 728 106 94 0 
352 1 722 722 123 108 0 
353 1 724 729 107 94 0 
354 1 725 728 106 94 0 
355 1 742 735 88 78 0 
356 1 725 718 124 110 0 
357 1 728 725 106 94 0 
358 1 728 725 107 94 0 
359 1 729 724 106 94 0 
360 1 729 725 107 94 0 
361 1 730 725 106 94 0 
362 1 730 726 106 94 0 
363 1 728 719 124 110 0 
364 1 731 727 106 94 0 
365 1 729 719 122 108 0 
366 1 729 719 123 108 0 
367 1 734 728 99 88 0 
368 1 732 726 104 92 0 
369 1 732 725 104 92 0 
370 1 729 714 124 110 0 
371 1 745 721 106 94 0 
372 1 733 720 104 92 0 
373 1 730 712 123 108 0 
374 1 730 711 123 108 0 
375 1 730 711 123 108 0 
376 1 730 711 123 108 0 
377 1 730 711 123 108 0 
378 1 730 713 122 108 0 
379 1 732 721 104 92 0 
380 1 732 716 117 104 0 
381 1 749 732 82 74 0 
382 1 731 723 104 92 0 
383 1 731 723 104 92 0 
384 1 731 723 104 92 0 
385 1 731 721 104 92 0 
386 1 729 721 104 92 0 
387 1 748 731 81 72 0 
388 0 
389 0 
390 0 
391 0 
392 0 
393 0 
394 0 
395 0 
396 0 
397 1 727 725 99 88 0 
398 1 727 727 99 88 0 
399 1 727 727 99 88 0 
400 1 725 725 99 88 0 
401 1 725 723 99 88 0 
402 1 725 721 99 88 0 
403 1 725 720 99 88 0 
404 1 740 723 82 74 0 
405 0 
406 0 
407 0 
408 1 739 720 81 72 0 
409 1 723 711 97 86 0 
410 1 723 710 98 88 0 
411 1 722 709 98 88 0 
412 1 722 709 98 88 0 
413 1 720 709 98 88 0 
414 1 720 709 98 88 0 
415 1 720 707 98 88 0 
416 1 718 709 98 88 0 
417 1 718 709 97 86 0 
418 1 718 709 97 86 0 
419 1 716 707 97 86 0 
420 1 716 707 97 86 0 
421 1 716 705 97 86 0 
422 1 714 705 97 86 0 
423 1 714 705 97 86 0 
424 1 714 705 97 86 0 
425 1 712 705 97 86 0 
426 1 712 706 98 88 0 
427 1 725 709 96 86 0 
428 1 725 710 98 88 0 
429 1 710 711 99 88 0 
430 1 724 713 98 88 0 
431 1 710 713 98 88 0 
432 1 709 713 99 88 0 
433 1 709 713 99 88 0 
434 1 709 714 97 86 0 
435 1 709 714 97 86 0 
436 1 709 714 97 86 0 
437 1 707 714 97 86 0 
438 1 707 714 97 86 0 
439 1 707 714 97 86 0 
440 1 707 714 97 86 0 
441 1 705 714 92 81 0 
442 1 707 717 92 81 0 
443 1 707 715 97 86 0 
444 1 705 712 97 86 0 
445 1 705 712 97 86 0 
446 1 705 712 97 86 0 
447 1 705 712 97 86 0 
448 1 703 712 92 81 0 
449 1 703 711 97 86 0 
450 1 702 709 98 88 0 
451 1 702 709 98 88 0 
452 1 702 709 98 88 0 
453 1 702 711 98 88 0 
454 1 700 711 98 88 0 
455 1 700 711 98 88 0 
456 1 701 714 97 86 0 
457 1 701 713 97 86 0 
458 1 714 714 96 86 0 
459 1 714 714 96 86 0 
460 1 714 714 96 86 0 
461 1 714 714 96 86 0 
462 1 714 712 96 86 0 
463 1 714 712 96 86 0 
464 1 714 712 96 86 0 
465 1 698 710 98 88 0 
466 1 697 702 114 102 0 
467 1 697 702 114 102 0 
468 1 697 702 114 102 0 
469 1 697 702 114 102 0 
470 1 697 702 114 102 0 
471 1 698 710 97 86 0 
472 1 696 703 114 102 0 
473 1 696 704 115 102 0 
474 1 698 712 97 86 0 
475 1 699 712 96 86 0 
476 1 698 711 97 86 0 
477 1 699 713 95 84 0 
478 1 699 711 97 86 0 
479 1 711 711 96 86 0 
480 1 711 711 96 86 0 
481 1 711 709 96 86 0 
482 1 711 709 96 86 0 
483 1 696 700 115 102 0 
484 1 696 700 115 102 0 
485 1 696 700 115 102 0 
486 1 698 707 98 88 0 
487 1 698 706 98 88 0 
488 1 696 700 115 102 0 
489 1 698 707 98 88 0 
490 1 696 700 115 102 0 
491 1 698 708 98 88 0 
492 1 698 708 98 88 0 
493 1 698 710 98 88 0 
494 1 698 710 98 88 0 
495 1 697 704 114 102 0 
496 1 698 713 96 86 0 
497 1 698 713 97 86 0 
498 1 695 705 116 104 0 
499 1 710 713 99 88 0 
500 1 695 705 116 104 0 
501 1 696 706 115 102 0 
502 1 710 712 99 88 0 
503 1 695 703 116 104 0 
504 1 695 703 116 104 0 
505 1 711 711 98 88 0 
506 1 697 710 98 88 0 
507 1 698 712 97 86 0 
508 1 697 712 99 88 0 
509 1 695 705 116 104 0 
510 1 697 713 99 88 0 
511 1 697 714 99 88 0 
512 1 710 716 99 88 0 
513 1 695 707 116 104 0 
514 1 695 707 116 104 0 
515 1 695 706 116 104 0 
516 1 695 705 116 104 0 
517 1 710 713 98 88 0 
518 1 695 703 116 104 0 
519 1 697 710 99 88 0 
520 1 697 710 99 88 0 
521 1 695 702 116 104 0 
522 1 707 710 104 92 0 
523 1 697 710 98 88 0 
524 1 695 704 116 104 0 
525 1 695 705 116 104 0 
526 1 707 711 104 92 0 
527 1 707 711 104 92 0 
528 1 707 710 104 92 0 
529 1 695 703 116 104 0 
530 1 710 711 99 88 0 
531 1 710 711 99 88 0 
532 1 697 711 99 88 0 
533 1 697 713 99 88 0 
534 1 697 713 99 88 0 
535 1 697 715 99 88 0 
536 1 696 710 115 102 0 
537 1 696 710 116 104 0 
538 1 696 711 116 104 0 
539 1 708 717 104 92 0 
540 1 696 711 116 104 0 
541 1 695 711 116 104 0 
542 1 708 717 104 92 0 
543 1 696 717 104 92 0 
544 1 696 718 104 92 0 
545 1 697 714 115 102 0 
546 1 699 721 99 88 0 
547 1 696 719 104 92 0 
548 1 696 715 117 104 0 
549 1 696 721 105 92 0 
550 1 696 722 105 92 0 
551 1 697 722 105 92 0 
552 1 698 722 104 92 0 
553 1 698 717 117 104 0 
554 1 699 717 116 104 0 
555 1 699 724 104 92 0 
556 1 711 725 105 92 0 
557 1 712 726 105 92 0 
558 1 712 727 105 92 0 
559 1 698 719 122 108 0 
560 1 700 727 105 92 0 
561 1 714 729 105 92 0 
562 1 701 729 105 92 0 
563 1 702 730 105 92 0 
564 1 703 731 105 92 0 
565 1 717 732 105 92 0 
566 1 704 731 105 92 0 
567 1 705 730 105 92 0 
568 1 704 722 122 108 0 
569 1 706 728 106 94 0 
570 1 705 721 122 108 0 
571 1 708 729 105 92 0 
572 1 706 721 123 108 0 
573 1 710 729 105 92 0 
574 1 723 729 106 94 0 
575 1 709 721 123 108 0 
576 1 712 728 106 94 0 
577 1 711 720 123 108 0 
578 1 727 727 106 94 0 
579 1 728 727 107 94 0 
580 1 730 727 106 94 0 
581 1 717 726 106 94 0 
582 1 717 720 123 108 0 
583 1 718 720 123 108 0 
584 1 720 728 107 94 0 
585 1 720 721 123 108 0 
586 1 736 730 107 94 0 
587 1 738 733 105 92 0 
588 1 722 722 124 110 0 
589 1 726 731 107 94 0 
590 1 726 725 123 108 0 
591 1 727 724 123 108 0 
592 1 728 725 123 108 0 
593 1 729 724 124 110 0 
594 1 732 732 107 94 0 
595 1 733 733 107 94 0 
596 1 733 725 123 108 0 
597 1 735 731 108 96 0 
598 1 734 723 125 110 0 
599 1 735 722 125 110 0 
600 1 736 720 125 110 0 
601 1 740 726 107 94 0 
602 1 738 716 125 110 0 
603 1 740 715 124 110 0 
604 1 741 714 125 110 0 
605 1 744 721 109 96 0 
606 1 743 713 126 112 0 
607 1 747 722 107 94 0 
608 1 747 722 109 96 0 
609 1 762 724 109 96 0 
610 1 751 726 108 96 0 
611 1 753 728 108 96 0 
612 1 755 730 108 96 0 
613 1 755 732 108 96 0 
614 1 755 727 123 108 0 
615 1 772 734 108 96 0 
616 1 761 734 107 94 0 
617 1 759 726 126 112 0 
618 1 763 734 107 94 0 
619 1 778 734 108 96 0 
620 1 764 733 110 98 0 
621 1 766 733 109 96 0 
622 1 783 741 90 80 0 
623 1 766 725 126 112 0 
624 1 782 732 109 96 0 
625 1 767 724 126 112 0 
626 1 783 732 109 96 0 
627 1 770 730 109 96 0 
628 1 768 722 126 112 0 
629 1 785 730 108 96 0 
630 1 769 723 125 110 0 
631 1 769 724 125 110 0 
632 1 786 732 109 96 0 
633 1 771 724 127 112 0 
634 1 772 723 126 112 0 
635 1 772 723 128 114 0 
636 1 773 722 128 114 0 
637 1 791 732 109 96 0 
638 1 777 730 109 96 0 
639 1 794 738 91 80 0 
640 1 777 721 126 112 0 
641 1 777 719 128 114 0 
642 1 778 719 128 114 0 
643 1 779 719 128 114 0 
644 1 796 729 109 96 0 
645 1 781 719 128 114 0 
646 1 782 720 129 114 0 
647 1 783 720 128 114 0 
648 1 785 720 128 114 0 
649 1 787 728 111 98 0 
650 1 788 728 111 98 0 
651 1 806 737 93 82 0 
652 1 788 721 129 114 0 
653 1 805 731 110 98 0 
654 1 789 721 129 114 0 
655 1 791 723 127 112 0 
656 1 792 728 113 100 0 
657 1 791 719 130 116 0 
658 1 793 721 128 114 0 
659 1 793 721 129 114 0 
660 1 794 721 129 114 0 
661 1 794 719 131 116 0 
662 1 797 728 112 100 0 
663 1 814 736 94 84 0 
664 1 797 719 130 116 0 
665 1 814 729 111 98 0 
666 1 814 729 111 98 0 
667 1 816 729 111 98 0 
668 1 816 729 111 98 0 
669 1 803 728 111 98 0 
670 1 801 719 130 116 0 
671 1 819 728 111 98 0 
672 1 818 727 112 100 0 
673 1 803 719 130 116 0 
674 1 803 719 130 116 0 
675 1 803 719 130 116 0 
676 1 805 719 130 116 0 
677 1 807 727 112 100 0 
678 1 809 729 111 98 0 
679 1 806 719 131 116 0 
680 1 807 718 131 116 0 
681 1 827 735 93 82 0 
682 1 827 733 94 84 0 
683 1 827 733 94 84 0 
684 1 827 733 94 84 0 
685 1 827 731 94 84 0 
686 1 829 731 94 84 0 
687 1 829 731 94 84 0 
688 1 812 722 113 100 0 
689 1 811 715 131 116 0 
690 1 811 714 132 118 0 
691 1 812 715 132 118 0 
692 1 812 716 132 118 0 
693 1 813 719 131 116 0 
694 1 814 719 131 116 0 
695 1 816 720 130 116 0 
696 1 819 727 112 100 0 
697 1 816 720 131 116 0 
698 1 833 730 113 100 0 
699 1 836 737 95 84 0 
700 1 835 729 113 100 0 
701 1 821 728 112 100 0 
702 1 837 737 95 84 0 
703 1 838 737 95 84 0 
704 1 819 720 133 118 0 
705 1 821 720 131 116 0 
706 1 836 728 115 102 0 
707 1 836 728 115 102 0 
708 1 836 728 115 102 0 
709 1 838 728 115 102 0 
710 1 839 728 114 102 0 
711 1 839 728 114 102 0 
712 1 839 730 114 102 0 
713 1 841 730 114 102 0 
714 1 841 730 114 102 0 
715 1 823 721 134 120 0 
716 1 823 721 134 120 0 
717 1 823 721 134 120 0 
718 1 825 721 134 120 0 
719 1 825 721 134 120 0 
720 1 825 721 134 120 0 
721 1 828 729 116 104 0 
722 1 846 739 96 86 0 
723 1 847 740 96 86 0 
724 1 829 732 117 104 0 
725 1 826 723 141 124 0 
726 1 827 723 140 124 0 
727 1 831 735 117 104 0 
728 1 828 725 141 124 0 
729 1 832 736 117 104 0 
730 1 832 737 117 104 0 
731 1 848 737 117 104 0 
732 1 830 735 122 108 0 
733 1 829 727 141 124 0 
734 1 835 738 116 104 0 
735 1 829 728 140 124 0 
736 1 829 728 141 124 0 
737 1 847 737 122 108 0 
738 1 850 740 117 104 0 
739 1 850 740 117 104 0 
740 1 850 742 117 104 0 
741 1 850 742 117 104 0 
742 1 850 742 117 104 0 
743 1 850 742 117 104 0 
744 1 850 742 117 104 0 
745 1 850 742 117 104 0 
746 1 850 742 117 104 0 
747 1 850 742 117 104 0 
748 1 847 742 123 108 0 
749 1 847 742 123 108 0 
750 1 847 742 123 108 0 
751 1 847 742 123 108 0 
752 1 847 742 123 108 0 
753 1 847 742 123 108 0 
754 1 847 742 123 108 0 
755 1 847 742 123 108 0 
756 1 847 740 123 108 0 
757 1 847 740 123 108 0 
758 1 847 740 123 108 0 
759 1 845 740 123 108 0 
760 1 845 740 123 108 0 
761 1 845 740 123 108 0 
762 1 843 740 123 108 0 
763 1 840 735 127 112 0 
764 1 821 724 148 132 0 
765 1 839 735 127 112 0 
766 1 841 745 105 92 0 
767 1 818 724 148 132 0 
768 1 816 724 148 132 0 
769 1 816 724 148 132 0 
770 1 814 724 148 132 0 
771 1 814 724 148 132 0 
772 1 812 724 148 132 0 
773 1 810 724 148 132 0 
774 1 810 724 148 132 0 
775 1 808 724 148 132 0 
776 1 808 724 148 132 0 
777 1 806 724 148 132 0 
778 1 825 741 108 96 0 
779 1 825 741 108 96 0 
780 1 823 741 108 96 0 
781 1 823 741 108 96 0 
782 1 823 741 108 96 0 
783 1 823 741 108 96 0 
784 1 820 732 129 114 0 
785 1 819 731 130 116 0 
786 1 802 731 131 116 0 
787 1 819 732 131 116 0 
788 1 821 741 109 96 0 
789 1 802 731 130 116 0 
790 1 819 731 131 116 0 
791 1 821 739 110 98 0 
792 1 818 729 132 118 0 
793 1 818 729 132 118 0 
794 1 802 730 132 118 0 
795 1 802 731 131 116 0 
796 1 820 740 112 100 0 
797 1 801 731 132 118 0 
798 1 820 741 111 98 0 
799 1 820 742 111 98 0 
800 1 820 742 111 98 0 
801 1 818 732 133 118 0 
802 1 801 730 132 118 0 
803 1 820 741 111 98 0 
804 1 818 731 133 118 0 
805 1 818 731 133 118 0 
806 1 818 731 133 118 0 
807 1 818 731 133 118 0 
808 1 818 731 133 118 0 
809 1 818 731 133 118 0 
810 1 820 739 112 100 0 
811 1 801 729 134 120 0 
812 1 820 739 112 100 0 
813 1 820 739 113 100 0 
814 1 820 739 113 100 0 
815 1 820 739 113 100 0 
816 1 815 729 143 126 0 
817 1 796 719 164 146 0 
818 1 795 719 165 146 0 
819 1 798 729 143 126 0 
820 1 796 719 165 146 0 
821 1 796 719 165 146 0 
822 1 796 718 165 146 0 
823 1 796 718 165 146 0 
824 1 796 718 165 146 0 
825 1 816 727 144 128 0 
826 1 799 726 144 128 0 
827 1 797 716 166 148 0 
828 1 816 726 145 128 0 
829 1 797 716 166 148 0 
830 1 798 717 165 146 0 
831 1 816 725 146 130 0 
832 1 798 715 166 148 0 
833 1 798 715 166 148 0 
834 1 798 716 166 148 0 
835 1 798 716 166 148 0 
836 1 816 725 146 130 0 
837 1 798 716 167 148 0 
838 1 798 718 166 148 0 
839 1 797 719 168 150 0 
840 1 816 730 147 130 0 
841 1 797 720 168 150 0 
842 1 797 722 168 150 0 
843 1 797 724 168 150 0 
844 1 797 722 168 150 0 
845 1 797 720 168 150 0 
846 1 797 720 168 150 0 
847 1 797 718 168 150 0 
848 1 815 723 148 132 0 
849 1 815 722 148 132 0 
850 1 796 711 169 150 0 
851 1 793 706 174 154 0 
852 1 814 716 149 132 0 
853 1 814 715 149 132 0 
854 1 814 714 149 132 0 
855 1 793 704 174 154 0 
856 1 813 714 150 134 0 
857 1 792 705 175 154 0 
858 1 792 706 175 154 0 
859 1 792 708 175 154 0 
860 1 792 709 174 154 0 
861 1 791 709 176 156 0 
862 1 792 712 175 154 0 
863 1 792 712 175 154 0 
864 1 792 714 175 154 0 
865 1 792 714 175 154 0 
866 1 792 713 175 154 0 
867 1 792 713 176 156 0 
868 1 791 712 177 156 0 
869 1 791 712 177 156 0 
870 1 813 722 151 134 0 
871 1 791 711 177 156 0 
872 1 813 721 151 134 0 
873 1 791 709 177 156 0 
874 1 810 719 156 138 0 
875 1 791 710 177 156 0 
876 1 790 709 178 158 0 
877 1 790 710 178 158 0 
878 1 790 710 178 158 0 
879 1 790 710 178 158 0 
880 1 790 710 178 158 0 
881 1 790 711 178 158 0 
882 1 790 711 178 158 0 
883 1 809 720 157 138 0 
884 1 790 711 179 158 0 
885 1 790 711 179 158 0 
886 1 790 711 179 158 0 
887 1 790 711 179 158 0 
888 1 809 719 158 140 0 
889 1 790 709 180 160 0 
890 1 790 708 181 160 0 
891 1 790 710 181 160 0 
892 1 790 709 181 160 0 
893 1 790 710 181 160 0 
894 1 790 709 182 162 0 
895 1 790 710 182 162 0 
896 1 791 710 182 162 0 
897 1 791 710 182 162 0 
898 1 811 720 161 142 0 
899 1 791 710 183 162 0 
900 1 791 710 183 162 0 
901 1 792 711 183 162 0 
902 1 792 710 184 164 0 
903 1 793 711 183 162 0 
904 1 813 720 162 144 0 
905 1 814 720 162 144 0 
906 1 814 719 163 144 0 
907 1 795 708 184 164 0 
908 1 795 708 185 164 0 
909 1 795 706 186 166 0 
910 1 817 717 163 144 0 
911 1 798 707 185 164 0 
912 1 799 707 185 164 0 
913 1 800 707 186 166 0 
914 1 801 707 186 166 0 
915 1 803 708 186 166 0 
916 1 805 707 186 166 0 
917 1 807 707 186 166 0 
918 1 809 707 186 166 0 
919 1 811 707 186 166 0 
920 1 813 707 186 166 0 
921 1 811 706 192 170 0 
922 1 813 706 192 170 0 
923 1 815 706 192 170 0 
924 1 817 706 192 170 0 
925 1 818 704 194 172 0 
926 1 843 716 167 148 0 
927 1 845 715 167 148 0 
928 1 846 714 167 148 0 
929 1 848 712 167 148 0 
930 1 850 714 167 148 0 
931 1 850 712 167 148 0 
932 1 852 711 168 150 0 
933 1 854 711 168 150 0 
934 1 854 709 168 150 0 
935 1 856 711 168 150 0 
936 1 857 710 169 150 0 
937 1 857 710 169 150 0 
938 1 859 710 169 150 0 
939 1 861 710 169 150 0 
940 1 861 710 169 150 0 
941 1 863 710 169 150 0 
942 1 863 710 169 150 0 
943 1 865 710 169 150 0 
944 1 842 694 198 176 0 
945 1 865 706 175 154 0 
946 1 866 705 176 156 0 
947 1 845 693 200 178 0 
948 1 847 694 199 176 0 
949 1 847 693 200 178 0 
950 1 849 693 200 178 0 
951 1 872 705 176 156 0 
952 1 850 693 201 178 0 
953 1 851 694 201 178 0 
954 1 874 706 177 156 0 
955 1 853 694 201 178 0 
956 1 854 694 202 180 0 
957 1 877 705 178 158 0 
958 1 879 706 177 156 0 
959 1 857 693 202 180 0 
960 1 859 693 202 180 0 
961 1 859 693 202 180 0 
962 1 859 693 202 180 0 
963 1 861 692 203 180 0 
964 1 861 692 203 180 0 
965 1 859 690 208 184 0 
966 1 884 702 180 160 0 
967 1 884 702 180 160 0 
968 1 884 702 180 160 0 
969 1 884 702 180 160 0 
970 1 886 704 180 160 0 
971 1 886 704 180 160 0 
972 1 886 704 180 160 0 
973 1 886 704 180 160 0 
974 1 886 704 180 160 0 
975 1 886 704 180 160 0 
976 1 886 704 180 160 0 
977 1 861 693 211 186 0 
978 1 887 705 182 162 0 
979 1 887 705 182 162 0 
980 1 887 703 182 162 0 
981 1 887 703 182 162 0 
982 1 889 701 182 162 0 
983 1 889 701 182 162 0 
984 1 889 701 182 162 0 
985 1 889 699 182 162 0 
986 1 889 699 182 162 0 
987 1 889 699 182 162 0 
988 1 891 699 182 162 0 
989 1 891 699 182 162 0 
990 1 892 707 157 138 0 
991 1 893 708 156 138 0 
992 1 891 695 185 164 0 
993 1 891 695 185 164 0 
994 1 892 695 185 164 0 
995 1 895 706 158 140 0 
996 1 895 706 158 140 0 
997 1 897 708 158 140 0 
998 1 897 706 158 140 0 
999 1 893 694 191 168 0 
1000 1 869 680 218 194 0 
1001 1 869 680 218 194 0 
1002 1 871 680 218 194 0 
1003 1 871 680 218 194 0 
1004 1 871 678 220 196 0 
1005 1 871 678 221 196 0 
1006 1 871 678 221 196 0 
1007 1 895 690 195 172 0 
1008 1 895 689 196 174 0 
1009 1 872 678 221 196 0 
1010 1 897 690 195 172 0 
1011 1 898 691 192 170 0 
1012 1 902 693 183 162 0 
1013 1 902 693 183 162 0 
1014 1 902 693 184 164 0 
1015 1 905 706 156 138 0 
1016 1 905 706 157 138 0 
1017 1 906 707 156 138 0 
1018 1 906 707 157 138 0 
1019 1 907 708 157 138 0 
1020 1 908 708 157 138 0 
1021 1 909 708 157 138 0 
1022 1 910 708 157 138 0 
1023 1 906 694 191 168 0 
1024 1 912 708 157 138 0 
1025 1 912 706 159 140 0 
1026 1 914 706 159 140 0 
1027 1 914 706 159 140 0 
1028 1 916 708 159 140 0 
1029 1 917 709 159 140 0 
1030 1 917 709 159 140 0 
1031 1 919 709 159 140 0 
1032 1 919 709 159 140 0 
1033 1 895 695 186 166 0 
1034 1 919 708 160 142 0 
1035 1 893 693 191 168 0 
1036 1 893 692 192 170 0 
1037 1 893 692 192 170 0 
1038 1 893 690 192 170 0 
1039 1 893 690 192 170 0 
1040 1 893 690 192 170 0 
1041 1 892 690 193 170 0 
1042 1 917 691 194 172 0 
1043 1 917 691 194 172 0 
1044 1 917 691 194 172 0 
1045 1 917 693 194 172 0 
1046 1 921 707 161 142 0 
1047 1 917 692 195 172 0 
1048 1 917 692 195 172 0 
1049 1 917 692 195 172 0 
1050 1 917 692 195 172 0 
1051 1 917 692 195 172 0 
1052 1 919 692 195 172 0 
1053 1 919 692 195 172 0 
1054 1 922 705 163 144 0 
1055 1 894 691 195 172 0 
1056 1 895 691 194 172 0 
1057 1 923 705 162 144 0 
1058 1 919 692 195 172 0 
1059 1 918 691 196 174 0 
1060 1 922 706 163 144 0 
1061 1 922 706 163 144 0 
1062 1 922 706 163 144 0 
1063 1 920 706 163 144 0 
1064 1 917 692 195 172 0 
1065 1 914 691 196 174 0 
1066 1 914 691 196 174 0 
1067 1 913 693 195 172 0 
1068 1 911 693 196 174 0 
1069 1 885 691 196 174 0 
1070 1 913 708 162 144 0 
1071 1 907 694 196 174 0 
1072 1 910 707 162 144 0 
1073 1 905 693 196 174 0 
1074 1 879 692 195 172 0 
1075 1 907 707 162 144 0 
1076 1 877 692 194 172 0 
1077 1 899 691 196 174 0 
1078 1 898 691 196 174 0 
1079 1 873 689 194 172 0 
1080 1 894 690 197 174 0 
1081 1 868 687 196 174 0 
1082 1 867 687 196 174 0 
1083 1 894 703 163 144 0 
1084 1 892 703 163 144 0 
1085 1 886 689 197 174 0 
1086 1 884 689 196 174 0 
1087 1 887 703 163 144 0 
1088 1 857 688 195 172 0 
1089 1 855 688 195 172 0 
1090 1 878 689 196 174 0 
1091 1 880 703 162 144 0 
1092 1 874 688 196 174 0 
1093 1 872 688 196 174 0 
1094 1 870 688 196 174 0 
1095 1 873 701 162 144 0 
1096 1 842 686 195 172 0 
1097 1 840 686 195 172 0 
1098 1 867 701 162 144 0 
1099 1 836 686 195 172 0 
1100 1 834 686 195 172 0 
1101 1 832 686 195 172 0 
1102 1 830 686 195 172 0 
1103 1 857 701 162 144 0 
1104 1 856 702 161 142 0 
1105 1 853 702 162 144 0 
1106 1 823 687 194 172 0 
1107 1 849 702 162 144 0 
1108 1 848 703 162 144 0 
1109 1 818 688 194 172 0 
1110 1 845 704 162 144 0 
1111 1 840 690 197 174 0 
1112 1 845 705 160 142 0 
1113 1 842 703 162 144 0 
1114 1 839 690 194 172 0 
1115 1 813 688 193 170 0 
1116 1 812 688 193 170 0 
1117 1 835 688 196 174 0 
1118 1 838 703 161 142 0 
1119 1 833 687 196 174 0 
1120 1 808 687 194 172 0 
1121 1 809 688 192 170 0 
1122 1 808 688 193 170 0 
1123 1 807 687 194 172 0 
1124 1 831 688 196 174 0 
1125 1 807 688 193 170 0 
1126 1 830 688 197 174 0 
1127 1 830 688 197 174 0 
1128 1 830 688 197 174 0 
1129 1 807 688 193 170 0 
1130 1 807 688 193 170 0 
1131 1 834 702 161 142 0 
1132 1 831 687 196 174 0 
1133 1 835 703 161 142 0 
1134 1 832 689 195 172 0 
1135 1 833 690 195 172 0 
1136 1 837 704 159 140 0 
1137 1 833 689 196 174 0 
1138 1 836 703 162 144 0 
1139 1 833 690 196 174 0 
1140 1 833 689 196 174 0 
1141 1 837 703 162 144 0 
1142 1 838 704 161 142 0 
1143 1 838 703 162 144 0 
1144 1 834 690 197 174 0 
1145 1 810 688 195 172 0 
1146 1 835 690 197 174 0 
1147 1 840 704 161 142 0 
1148 1 812 688 194 172 0 
1149 1 840 703 162 144 0 
1150 1 812 688 195 172 0 
1151 1 837 688 198 176 0 
1152 1 838 689 197 174 0 
1153 1 838 687 199 176 0 
1154 1 839 687 198 176 0 
1155 1 815 686 195 172 0 
1156 1 844 701 163 144 0 
1157 1 841 686 198 176 0 
1158 1 846 701 162 144 0 
1159 1 849 702 160 142 0 
1160 1 847 700 162 144 0 
1161 1 844 685 199 176 0 
1162 1 849 699 162 144 0 
1163 1 846 684 199 176 0 
1164 1 851 699 163 144 0 
1165 1 848 684 199 176 0 
1166 1 848 684 199 176 0 
1167 1 824 683 196 174 0 
1168 1 854 699 163 144 0 
1169 1 826 684 196 174 0 
1170 1 827 684 196 174 0 
1171 1 857 700 163 144 0 
1172 1 857 700 163 144 0 
1173 1 854 687 199 176 0 
1174 1 855 687 199 176 0 
1175 1 857 687 198 176 0 
1176 1 857 688 199 176 0 
1177 1 858 688 199 176 0 
1178 1 858 687 200 178 0 
1179 1 860 689 199 176 0 
1180 1 836 688 197 174 0 
1181 1 862 689 199 176 0 
1182 1 862 688 200 178 0 
1183 1 864 689 199 176 0 
1184 1 864 689 199 176 0 
1185 1 866 689 199 176 0 
1186 1 868 689 199 176 0 
1187 1 869 689 199 176 0 
1188 1 870 689 199 176 0 
1189 1 875 702 164 146 0 
1190 1 847 686 198 176 0 
1191 1 878 703 163 144 0 
1192 1 875 688 199 176 0 
1193 1 851 687 197 174 0 
1194 1 877 688 200 178 0 
1195 1 882 703 165 146 0 
1196 1 880 689 199 176 0 
1197 1 881 688 200 178 0 
1198 1 882 689 200 178 0 
1199 1 884 690 199 176 0 
1200 1 885 689 200 178 0 
1201 1 890 703 165 146 0 
1202 1 888 689 200 178 0 
1203 1 889 689 200 178 0 
1204 1 890 689 201 178 0 
1205 1 896 703 165 146 0 
1206 1 897 702 166 148 0 
1207 1 899 702 166 148 0 
1208 1 899 702 166 148 0 
1209 1 901 702 166 148 0 
1210 1 903 702 166 148 0 
1211 1 905 702 166 148 0 
1212 1 877 689 198 176 0 
1213 1 907 703 166 148 0 
1214 1 880 689 199 176 0 
1215 1 881 689 199 176 0 
1216 1 882 689 199 176 0 
1217 1 913 703 166 148 0 
1218 1 911 689 200 178 0 
1219 1 913 689 200 178 0 
1220 1 913 689 200 178 0 
1221 1 915 689 200 178 0 
1222 1 892 688 199 176 0 
1223 1 894 688 199 176 0 
1224 1 894 688 199 176 0 
1225 1 896 688 199 176 0 
1226 1 922 688 202 180 0 
1227 1 898 688 200 178 0 
1228 1 901 689 198 176 0 
1229 1 926 689 201 178 0 
1230 1 903 689 198 176 0 
1231 1 904 689 199 176 0 
1232 1 904 689 199 176 0 
1233 1 906 689 199 176 0 
1234 1 906 689 199 176 0 
1235 1 935 704 167 148 0 
1236 1 907 688 200 178 0 
1237 1 908 688 200 178 0 
1238 1 938 703 167 148 0 
1239 1 911 689 198 176 0 
1240 1 910 688 200 178 0 
1241 1 937 690 199 176 0 
1242 1 937 690 199 176 0 
1243 1 937 690 199 176 0 
1244 1 937 690 199 176 0 
1245 1 937 690 199 176 0 
1246 1 937 690 199 176 0 
1247 1 937 690 199 176 0 
1248 1 911 690 199 176 0 
1249 1 911 690 199 176 0 
1250 1 912 689 198 176 0 
1251 1 940 706 165 146 0 
1252 1 940 706 165 146 0 
1253 1 911 691 198 176 0 
1254 1 935 693 199 176 0 
1255 1 911 691 198 176 0 
1256 1 911 691 198 176 0 
1257 1 937 695 197 174 0 
1258 1 939 708 165 146 0 
1259 1 935 694 198 176 0 
1260 1 939 709 165 146 0 
1261 1 939 709 165 146 0 
1262 1 910 693 198 176 0 
1263 1 911 694 196 174 0 
1264 1 939 709 164 146 0 
1265 1 911 694 196 174 0 
1266 1 911 694 196 174 0 
1267 1 911 694 196 174 0 
1268 1 911 694 196 174 0 
1269 1 933 693 198 176 0 
1270 1 937 707 165 146 0 
1271 1 937 707 164 146 0 
1272 1 936 707 165 146 0 
1273 1 936 707 164 146 0 
1274 1 936 707 164 146 0 
1275 1 934 705 164 146 0 
1276 1 934 705 164 146 0 
1277 1 934 705 163 144 0 
1278 1 933 705 164 146 0 
1279 1 933 704 164 146 0 
1280 1 928 691 197 174 0 
1281 1 933 706 161 142 0 
1282 1 931 705 163 144 0 
1283 1 927 690 196 174 0 
1284 1 930 705 163 144 0 
1285 1 901 690 195 172 0 
1286 1 901 691 194 172 0 
1287 1 924 692 196 174 0 
1288 1 901 693 193 170 0 
1289 1 899 692 194 172 0 
1290 1 926 707 163 144 0 
1291 1 921 692 195 172 0 
1292 1 897 691 194 172 0 
1293 1 924 705 162 144 0 
1294 1 924 706 161 142 0 
1295 1 919 691 194 172 0 
1296 1 918 691 194 172 0 
1297 1 922 706 160 142 0 
1298 1 920 706 160 142 0 
1299 1 920 706 160 142 0 
1300 1 920 706 160 142 0 
1301 1 918 705 160 142 0 
1302 1 918 706 159 140 0 
1303 1 913 691 192 170 0 
1304 1 916 705 159 140 0 
1305 1 911 691 192 170 0 
1306 1 910 691 192 170 0 
1307 1 909 690 192 170 0 
1308 1 908 691 191 168 0 
1309 1 907 691 192 170 0 
1310 1 910 705 159 140 0 
1311 1 906 692 191 168 0 
1312 1 909 705 158 140 0 
1313 1 908 706 158 140 0 
1314 1 882 693 185 164 0 
1315 1 905 694 186 166 0 
1316 1 902 693 191 168 0 
1317 1 881 695 183 162 0 
1318 1 903 696 186 166 0 
1319 1 904 709 157 138 0 
1320 1 904 709 157 138 0 
1321 1 902 709 157 138 0 
1322 1 902 709 157 138 0 
1323 1 900 697 185 164 0 
1324 1 899 696 185 164 0 
1325 1 875 694 184 164 0 
1326 1 898 696 185 164 0 
1327 1 875 695 183 162 0 
1328 1 897 696 184 164 0 
1329 1 896 697 184 164 0 
1330 1 896 698 183 162 0 
1331 1 895 699 183 162 0 
1332 1 894 699 183 162 0 
1333 1 893 699 184 164 0 
1334 1 893 700 183 162 0 
1335 1 892 700 183 162 0 
1336 1 892 701 183 162 0 
1337 1 869 700 181 160 0 
1338 1 891 702 182 162 0 
1339 1 891 702 182 162 0 
1340 1 891 702 182 162 0 
1341 1 891 703 181 160 0 
1342 1 890 703 181 160 0 
1343 1 894 716 148 132 0 
1344 1 890 702 180 160 0 
1345 1 867 701 178 158 0 
1346 1 889 702 180 160 0 
1347 1 893 715 147 130 0 
1348 1 889 700 180 160 0 
1349 1 893 713 147 130 0 
1350 1 889 699 179 158 0 
1351 1 888 698 179 158 0 
1352 1 892 710 147 130 0 
1353 1 888 696 179 158 0 
1354 1 890 696 177 156 0 
1355 1 893 708 144 128 0 
1356 1 892 707 145 128 0 
1357 1 893 708 144 128 0 
1358 1 887 693 178 158 0 
1359 1 865 694 175 154 0 
1360 1 863 683 203 180 0 
1361 1 887 696 177 156 0 
1362 1 888 697 176 156 0 
1363 1 864 685 203 180 0 
1364 1 865 685 202 180 0 
1365 1 889 699 176 156 0 
1366 1 889 699 176 156 0 
1367 1 891 701 176 156 0 
1368 1 893 701 176 156 0 
1369 1 871 689 200 178 0 
1370 1 897 703 174 154 0 
1371 1 874 690 200 178 0 
1372 1 899 703 175 154 0 
1373 1 904 715 143 126 0 
1374 1 882 702 169 150 0 
1375 1 880 690 199 176 0 
1376 1 883 690 198 176 0 
1377 1 883 688 199 176 0 
1378 1 888 700 167 148 0 
1379 1 886 686 198 176 0 
1380 1 886 686 199 176 0 
1381 1 888 684 198 176 0 
1382 1 889 685 197 174 0 
1383 1 915 695 169 150 0 
1384 1 917 695 167 148 0 
1385 1 918 693 168 150 0 
1386 1 919 691 168 150 0 
1387 1 920 690 168 150 0 
1388 1 897 677 196 174 0 
1389 1 923 690 167 148 0 
1390 1 924 691 167 148 0 
1391 1 901 680 195 172 0 
1392 1 927 694 166 148 0 
1393 1 909 696 162 144 0 
1394 1 905 687 194 172 0 
1395 1 905 691 194 172 0 
1396 1 907 693 194 172 0 
1397 1 909 697 194 172 0 
1398 1 938 723 134 120 0 
1399 1 940 727 133 118 0 
1400 1 912 701 193 170 0 
1401 1 941 726 133 118 0 
1402 1 942 725 133 118 0 
1403 1 942 723 133 118 0 
1404 1 944 723 133 118 0 
1405 1 944 721 133 118 0 
1406 1 946 719 133 118 0 
1407 1 948 719 130 116 0 
1408 1 923 706 159 140 0 
1409 1 923 706 159 140 0 
1410 1 923 706 159 140 0 
1411 1 925 706 159 140 0 
1412 1 950 719 130 116 0 
1413 1 950 721 131 116 0 
1414 1 950 721 131 116 0 
1415 1 952 723 131 116 0 
1416 1 952 723 131 116 0 
1417 1 927 700 184 164 0 
1418 1 930 712 157 138 0 
1419 1 955 724 129 114 0 
1420 1 933 712 156 138 0 
1421 1 952 713 158 140 0 
1422 1 931 701 182 162 0 
1423 1 954 713 158 140 0 
1424 1 932 701 182 162 0 
1425 1 955 712 157 138 0 
1426 1 938 713 151 134 0 
1427 1 935 701 180 160 0 
1428 1 935 701 180 160 0 
1429 1 935 699 180 160 0 
1430 1 937 699 180 160 0 
1431 1 962 712 150 134 0 
1432 1 943 710 149 132 0 
1433 1 960 710 156 138 0 
1434 1 943 709 150 134 0 
1435 1 966 723 125 110 0 
1436 1 967 722 124 110 0 
1437 1 967 722 125 110 0 
1438 1 945 709 150 134 0 
1439 1 966 720 127 112 0 
1440 1 943 698 176 156 0 
1441 1 966 709 149 132 0 
1442 1 967 718 124 110 0 
1443 1 967 706 148 132 0 
1444 1 967 704 148 132 0 
1445 1 967 704 148 132 0 
1446 1 967 704 148 132 0 
1447 1 966 712 124 110 0 
1448 1 941 690 175 154 0 
1449 1 941 690 174 154 0 
1450 1 963 702 148 132 0 
1451 1 969 716 117 104 0 
1452 1 964 715 123 108 0 
1453 1 943 705 146 130 0 
1454 1 941 696 169 150 0 
1455 1 942 705 146 130 0 
1456 1 960 707 147 130 0 
1457 1 962 717 123 108 0 
1458 1 962 717 122 108 0 
1459 1 960 708 145 128 0 
1460 1 964 719 117 104 0 
1461 1 964 719 117 104 0 
1462 1 964 717 117 104 0 
1463 1 960 706 145 128 0 
1464 1 960 705 145 128 0 
1465 1 964 715 116 104 0 
1466 1 964 714 116 104 0 
1467 1 960 704 143 126 0 
1468 1 941 702 142 126 0 
1469 1 964 715 115 102 0 
1470 1 959 705 143 126 0 
1471 1 959 706 143 126 0 
1472 1 963 719 115 102 0 
1473 1 963 719 115 102 0 
1474 1 962 721 114 102 0 
1475 1 958 710 142 126 0 
1476 1 963 724 113 100 0 
1477 1 957 714 141 124 0 
1478 1 939 714 140 124 0 
1479 1 939 714 140 124 0 
1480 1 937 714 140 124 0 
1481 1 937 714 140 124 0 
1482 1 935 714 140 124 0 
1483 1 935 712 140 124 0 
1484 1 933 712 140 124 0 
1485 1 933 710 140 124 0 
1486 1 931 710 140 124 0 
1487 1 953 723 112 100 0 
1488 1 951 723 112 100 0 
1489 1 949 715 133 118 0 
1490 1 949 725 111 98 0 
1491 1 946 715 133 118 0 
1492 1 947 724 110 98 0 
1493 1 945 724 111 98 0 
1494 1 925 715 131 116 0 
1495 1 940 715 133 118 0 
1496 1 941 725 109 96 0 
1497 1 939 724 110 98 0 
1498 1 937 716 131 116 0 
1499 1 935 716 131 116 0 
1500 1 933 716 131 116 0 
1501 1 931 716 131 116 0 
1502 1 933 728 107 94 0 
1503 1 930 726 108 96 0 
1504 1 930 727 107 94 0 
1505 1 927 726 108 96 0 
1506 1 905 708 151 134 0 
1507 1 922 717 130 116 0 
1508 1 920 717 130 116 0 
1509 1 918 717 130 116 0 
1510 1 918 717 130 116 0 
1511 1 916 717 130 116 0 
1512 1 919 727 107 94 0 
1513 1 901 717 126 112 0 
1514 1 916 716 128 114 0 
1515 1 916 716 128 114 0 
1516 1 914 716 128 114 0 
1517 1 914 714 128 114 0 
1518 1 913 716 126 112 0 
1519 1 894 707 146 130 0 
1520 1 894 707 146 130 0 
1521 1 892 707 139 123 0 
1522 1 896 711 139 123 0 
1523 1 915 725 99 88 0 
1524 1 914 725 99 88 0 
1525 1 910 723 104 92 0 
1526 1 909 714 124 110 0 
1527 1 909 724 104 92 0 
1528 1 911 725 99 88 0 
1529 1 910 724 99 88 0 
1530 1 910 724 99 88 0 
1531 1 907 722 104 92 0 
1532 1 910 723 99 88 0 
1533 1 910 722 98 88 0 
1534 1 910 722 98 88 0 
1535 1 910 720 98 88 0 
1536 1 910 720 98 88 0 
1537 1 910 720 98 88 0 
1538 1 910 720 98 88 0 
1539 1 905 709 122 108 0 
1540 1 889 709 122 108 0 
1541 1 891 711 117 104 0 
1542 1 891 709 117 104 0 
1543 1 891 709 117 104 0 
1544 1 891 709 117 104 0 
1545 1 886 700 141 124 0 
1546 1 886 700 140 124 0 
1547 1 886 700 140 124 0 
1548 1 886 700 140 124 0 
1549 1 884 700 140 124 0 
1550 1 884 700 140 124 0 
1551 1 884 698 140 124 0 
1552 1 884 700 140 124 0 
1553 1 884 698 140 124 0 
1554 1 904 719 95 84 0 
1555 1 904 719 95 84 0 
1556 1 904 721 95 84 0 
1557 1 904 721 95 84 0 
1558 1 904 721 95 84 0 
1559 1 904 723 95 84 0 
1560 1 904 723 95 84 0 
1561 1 888 715 115 102 0 
1562 1 902 715 117 104 0 
1563 1 905 724 95 84 0 
1564 1 905 724 96 86 0 
1565 1 905 724 96 86 0 
1566 1 905 723 96 86 0 
1567 1 904 715 114 102 0 
1568 1 906 724 95 84 0 
1569 1 906 724 95 84 0 
1570 1 906 722 95 84 0 
1571 1 906 722 95 84 0 
1572 1 906 722 95 84 0 
1573 1 906 722 95 84 0 
1574 1 904 722 95 84 0 
1575 1 904 722 95 84 0 
1576 1 901 713 114 102 0 
1577 1 900 714 115 102 0 
1578 1 900 714 114 102 0 
1579 1 882 707 134 120 0 
1580 1 882 707 134 120 0 
1581 1 880 707 134 120 0 
1582 1 880 707 134 120 0 
1583 1 878 709 134 120 0 
1584 1 878 709 134 120 0 
1585 1 876 709 134 120 0 
1586 1 876 709 134 120 0 
1587 1 874 709 134 120 0 
1588 1 874 709 134 120 0 
1589 1 872 709 134 120 0 
1590 1 872 709 134 120 0 
1591 1 870 709 134 120 0 
1592 1 870 709 134 120 0 
1593 1 870 709 134 120 0 
1594 1 870 709 134 120 0 
1595 1 868 709 134 120 0 
1596 1 868 709 134 120 0 
1597 1 868 707 134 120 0 
1598 1 868 707 134 120 0 
1599 1 868 707 134 120 0 
1600 1 868 705 134 120 0 
1601 1 866 705 134 120 0 
1602 1 868 705 132 118 0 
1603 1 885 725 93 82 0 
1604 1 885 725 93 82 0 
1605 1 883 725 93 82 0 
1606 1 883 725 93 82 0 
1607 1 864 707 132 118 0 
1608 1 881 725 95 84 0 
1609 1 862 708 133 118 0 
1610 1 881 728 93 82 0 
1611 1 860 709 133 118 0 
1612 1 876 718 113 100 0 
1613 1 874 716 114 102 0 
1614 1 873 716 114 102 0 
1615 1 857 714 114 102 0 
1616 1 854 706 132 118 0 
1617 1 852 706 132 118 0 
1618 1 851 706 132 118 0 
1619 1 867 715 112 100 0 
1620 1 848 706 132 118 0 
1621 1 846 706 132 118 0 
1622 1 860 715 114 102 0 
1623 1 842 708 132 118 0 
1624 1 840 708 132 118 0 
1625 1 838 709 132 118 0 
1626 1 836 710 132 118 0 
1627 1 836 720 113 100 0 
1628 1 849 722 113 100 0 
1629 1 831 721 113 100 0 
1630 1 829 723 113 100 0 
1631 1 844 732 93 82 0 
1632 1 822 714 132 118 0 
1633 1 822 722 113 100 0 
1634 1 820 722 113 100 0 
1635 1 816 711 132 118 0 
1636 1 814 710 132 118 0 
1637 1 815 717 113 100 0 
1638 1 813 716 113 100 0 
1639 1 828 716 112 100 0 
1640 1 809 706 132 118 0 
1641 1 811 716 112 100 0 
1642 1 808 713 114 102 0 
1643 1 808 714 113 100 0 
1644 1 824 723 92 82 0 
1645 1 805 714 113 100 0 
1646 1 804 714 112 100 0 
1647 1 800 704 132 118 0 
1648 1 799 706 131 116 0 
1649 1 797 705 132 118 0 
1650 1 797 713 114 102 0 
1651 1 794 707 131 116 0 
1652 1 794 714 113 100 0 
1653 1 792 715 113 100 0 
1654 1 789 707 131 116 0 
1655 1 787 708 131 116 0 
1656 1 785 707 132 118 0 
1657 1 786 716 112 100 0 
1658 1 781 706 132 118 0 
1659 1 780 708 131 116 0 
1660 1 780 716 112 100 0 
1661 1 778 716 112 100 0 
1662 1 790 717 113 100 0 
1663 1 775 718 112 100 0 
1664 1 773 717 113 100 0 
1665 1 769 708 132 118 0 
1666 1 768 710 131 116 0 
1667 1 770 716 112 100 0 
1668 1 766 708 131 116 0 
1669 1 782 715 112 100 0 
1670 1 764 706 131 116 0 
1671 1 763 705 131 116 0 
1672 1 764 712 112 100 0 
1673 1 763 712 112 100 0 
1674 1 761 712 112 100 0 
1675 1 761 712 112 100 0 
1676 1 759 712 112 100 0 
1677 1 761 713 111 98 0 
1678 1 776 721 93 82 0 
1679 1 759 712 111 98 0 
1680 1 773 712 112 100 0 
1681 1 773 712 111 98 0 
1682 1 771 711 113 100 0 
1683 1 756 710 112 100 0 
1684 1 755 710 113 100 0 
1685 1 754 711 112 100 0 
1686 1 772 720 92 82 0 
1687 1 772 722 92 82 0 
1688 1 770 722 92 82 0 
1689 1 770 722 92 82 0 
1690 1 753 714 110 98 0 
1691 1 765 713 112 100 0 
1692 1 749 714 113 100 0 
1693 1 748 714 113 100 0 
1694 1 762 714 113 100 0 
1695 1 745 705 131 116 0 
1696 1 745 705 130 116 0 
1697 1 762 722 93 82 0 
1698 1 745 713 111 98 0 
1699 1 758 713 113 100 0 
1700 1 743 712 111 98 0 
1701 1 740 710 114 102 0 
1702 1 739 704 130 116 0 
1703 1 739 711 113 100 0 
1704 1 738 712 113 100 0 
1705 1 737 712 113 100 0 
1706 1 734 703 132 118 0 
1707 1 734 705 131 116 0 
1708 1 732 704 132 118 0 
1709 1 734 714 113 100 0 
1710 1 733 714 113 100 0 
1711 1 732 715 113 100 0 
1712 1 731 715 113 100 0 
1713 1 730 716 113 100 0 
1714 1 729 716 113 100 0 
1715 1 729 717 112 100 0 
1716 1 725 709 132 118 0 
1717 1 724 710 131 116 0 
1718 1 724 711 130 116 0 
1719 1 725 719 112 100 0 
1720 1 738 721 113 100 0 
1721 1 721 713 131 116 0 
1722 1 722 720 113 100 0 
1723 1 721 721 113 100 0 
1724 1 734 721 114 102 0 
1725 1 734 722 113 100 0 
1726 1 733 723 113 100 0 
1727 1 715 713 132 118 0 
1728 1 715 714 131 116 0 
1729 1 714 715 131 116 0 
1730 1 714 722 114 102 0 
1731 1 712 715 132 118 0 
1732 1 727 724 114 102 0 
1733 1 726 724 114 102 0 
1734 1 711 723 114 102 0 
1735 1 711 724 113 100 0 
1736 1 706 715 132 118 0 
1737 1 706 715 131 116 0 
1738 1 704 714 132 118 0 
1739 1 719 722 115 102 0 
1740 1 705 720 114 102 0 
1741 1 704 719 114 102 0 
1742 1 700 711 133 118 0 
1743 1 699 709 132 118 0 
1744 1 698 709 132 118 0 
1745 1 698 709 132 118 0 
1746 1 696 709 132 118 0 
1747 1 694 709 132 118 0 
1748 1 694 709 132 118 0 
1749 1 692 711 133 118 0 
1750 1 690 711 133 118 0 
1751 1 690 713 133 118 0 
1752 1 688 713 133 118 0 
1753 1 688 713 133 118 0 
1754 1 688 713 133 118 0 
1755 1 686 713 133 118 0 
1756 1 686 713 133 118 0 
1757 1 684 715 133 118 0 
1758 1 684 715 133 118 0 
1759 1 684 715 133 118 0 
1760 1 682 715 133 118 0 
1761 1 682 715 126 112 0 
1762 1 681 715 132 118 0 
1763 1 680 714 133 118 0 
1764 1 680 714 133 118 0 
1765 1 678 714 133 118 0 
1766 1 678 714 133 118 0 
1767 1 678 714 133 118 0 
1768 1 677 715 133 118 0 
1769 1 676 715 133 118 0 
1770 1 676 716 132 118 0 
1771 1 676 716 132 118 0 
1772 1 675 716 133 118 0 
1773 1 675 715 132 118 0 
1774 1 674 715 133 118 0 
1775 1 674 715 132 118 0 
1776 1 674 715 132 118 0 
1777 1 673 715 132 118 0 
1778 1 672 715 133 118 0 
1779 1 672 714 132 118 0 
1780 1 671 714 133 118 0 
1781 1 671 714 133 118 0 
1782 1 671 714 132 118 0 
1783 1 671 714 132 118 0 
1784 1 671 714 132 118 0 
1785 1 671 714 132 118 0 
1786 1 670 715 130 116 0 
1787 1 647 706 157 138 0 
1788 1 651 708 151 134 0 
1789 1 652 708 150 134 0 
1790 1 652 708 150 134 0 
1791 1 652 708 150 134 0 
1792 1 652 708 150 134 0 
1793 1 669 717 129 114 0 
1794 1 670 725 113 100 0 
1795 1 669 718 129 114 0 
1796 1 684 726 112 100 0 
1797 1 670 726 112 100 0 
1798 1 670 726 112 100 0 
1799 1 668 719 130 116 0 
1800 1 668 719 130 116 0 
1801 1 667 718 131 116 0 
1802 1 669 727 112 100 0 
1803 1 667 719 130 116 0 
1804 1 669 727 112 100 0 
1805 1 666 720 131 116 0 
1806 1 682 730 113 100 0 
1807 1 666 722 131 116 0 
1808 1 668 730 112 100 0 
1809 1 666 723 130 116 0 
1810 1 683 740 95 84 0 
1811 1 668 731 112 100 0 
1812 1 668 730 112 100 0 
1813 1 668 731 111 98 0 
1814 1 666 722 129 114 0 
1815 1 666 721 129 114 0 
1816 1 666 719 129 114 0 
1817 1 668 725 111 98 0 
1818 1 665 716 129 114 0 
1819 1 667 721 112 100 0 
1820 1 667 720 112 100 0 
1821 1 665 713 129 114 0 
1822 1 667 718 112 100 0 
1823 1 667 718 111 98 0 
1824 1 683 727 93 82 0 
1825 1 682 726 94 84 0 
1826 1 680 719 111 98 0 
1827 1 666 717 112 100 0 
1828 1 666 718 113 100 0 
1829 1 666 718 112 100 0 
1830 1 667 719 111 98 0 
1831 1 683 727 94 84 0 
1832 1 666 713 129 114 0 
1833 1 666 714 129 114 0 
1834 1 669 721 112 100 0 
1835 1 669 721 112 100 0 
1836 1 669 723 112 100 0 
1837 1 671 723 112 100 0 
1838 1 671 723 112 100 0 
1839 1 673 723 112 100 0 
1840 1 675 723 112 100 0 
1841 1 675 723 112 100 0 
1842 1 677 721 112 100 0 
1843 1 677 721 112 100 0 
1844 1 679 719 112 100 0 
1845 1 679 719 112 100 0 
1846 1 678 712 130 116 0 
1847 1 680 712 130 116 0 
1848 1 680 712 130 116 0 
1849 1 682 712 130 116 0 
1850 1 682 713 129 114 0 
1851 1 684 714 129 114 0 
1852 1 685 714 128 114 0 
1853 1 686 713 129 114 0 
1854 1 686 713 129 114 0 
1855 1 688 713 129 114 0 
1856 1 688 713 129 114 0 
1857 1 689 715 128 114 0 
1858 1 689 716 129 114 0 
1859 1 690 717 128 114 0 
1860 1 691 717 128 114 0 
1861 1 691 718 129 114 0 
1862 1 692 719 129 114 0 
1863 1 692 719 129 114 0 
1864 1 694 719 129 114 0 
1865 1 694 719 129 114 0 
1866 1 695 720 128 114 0 
1867 1 698 727 110 98 0 
1868 1 696 720 128 114 0 
1869 1 697 720 127 112 0 
1870 1 698 719 127 112 0 
1871 1 700 725 110 98 0 
1872 1 701 724 110 98 0 
1873 1 701 722 110 98 0 
1874 1 703 721 108 96 0 
1875 1 701 713 126 112 0 
1876 1 701 713 126 112 0 
1877 1 703 722 109 96 0 
1878 1 703 723 108 96 0 
1879 1 701 718 125 110 0 
1880 1 702 726 109 96 0 
1881 1 700 719 126 112 0 
1882 1 702 727 109 96 0 
1883 1 702 728 109 96 0 
1884 1 702 728 109 96 0 
1885 1 702 729 109 96 0 
1886 1 703 730 108 96 0 
1887 1 703 730 108 96 0 
1888 1 701 723 124 110 0 
1889 1 701 724 123 108 0 
1890 1 701 724 123 108 0 
1891 1 701 724 123 108 0 
1892 1 701 724 123 108 0 
1893 1 701 724 123 108 0 
1894 1 701 730 108 96 0 
1895 1 701 730 108 96 0 
1896 1 701 730 108 96 0 
1897 1 701 730 108 96 0 
1898 1 700 731 108 96 0 
1899 1 700 732 107 94 0 
1900 1 700 732 107 94 0 
1901 1 700 732 107 94 0 
1902 1 700 731 107 94 0 
1903 1 698 724 123 108 0 
1904 1 697 723 124 110 0 
1905 1 697 723 124 110 0 
1906 1 697 723 124 110 0 
1907 1 697 723 124 110 0 
1908 1 697 724 123 108 0 
1909 1 697 724 123 108 0 
1910 1 697 725 123 108 0 
1911 1 697 725 123 108 0 
1912 1 700 732 105 92 0 
1913 1 700 732 105 92 0 
1914 1 697 724 123 108 0 
1915 1 697 725 123 108 0 
1916 1 697 725 122 108 0 
1917 1 697 724 122 108 0 
1918 1 697 724 122 108 0 
1919 1 697 726 122 108 0 
1920 1 697 726 122 108 0 
1921 1 698 727 122 108 0 
1922 1 698 728 123 108 0 
1923 1 698 728 123 108 0 
1924 1 698 730 123 108 0 
1925 1 698 730 123 108 0 
1926 1 698 732 123 108 0 
1927 1 678 729 129 114 0 
1928 1 698 732 122 108 0 
1929 1 701 734 117 104 0 
1930 1 701 735 117 104 0 
1931 1 699 732 122 108 0 
1932 1 702 734 117 104 0 
1933 1 702 734 117 104 0 
1934 1 703 734 116 104 0 
1935 1 703 734 116 104 0 
1936 1 702 722 132 118 0 
1937 1 702 722 132 118 0 
1938 1 702 722 132 118 0 
1939 1 704 722 132 118 0 
1940 1 707 736 115 102 0 
1941 1 707 736 114 102 0 
1942 1 707 735 115 102 0 
1943 1 703 716 149 132 0 
1944 1 708 734 115 102 0 
1945 1 708 733 116 104 0 
1946 1 708 732 117 104 0 
1947 1 705 729 122 108 0 
1948 1 710 732 116 104 0 
1949 1 711 733 116 104 0 
1950 1 712 733 116 104 0 
1951 1 713 734 115 102 0 
1952 1 713 734 116 104 0 
1953 1 715 736 114 102 0 
1954 1 715 735 116 104 0 
1955 1 716 736 115 102 0 
1956 1 717 737 115 102 0 
1957 1 717 738 115 102 0 
1958 1 718 738 115 102 0 
1959 1 719 738 115 102 0 
1960 1 720 739 115 102 0 
1961 1 721 739 114 102 0 
1962 1 722 739 114 102 0 
1963 1 722 740 115 102 0 
1964 1 723 740 115 102 0 
1965 1 701 739 163 144 0 
1966 1 702 738 164 146 0 
1967 1 726 740 115 102 0 
1968 1 726 740 115 102 0 
1969 1 728 740 115 102 0 
1970 1 728 740 115 102 0 
1971 1 729 740 114 102 0 
1972 1 730 739 114 102 0 
1973 1 731 738 114 102 0 
1974 1 731 737 114 102 0 
1975 1 732 736 114 102 0 
1976 1 733 734 114 102 0 
1977 1 733 733 114 102 0 
1978 1 734 731 115 102 0 
1979 1 734 730 114 102 0 
1980 1 734 728 115 102 0 
1981 1 735 727 114 102 0 
1982 1 734 727 115 102 0 
1983 1 735 727 114 102 0 
1984 1 732 724 124 110 0 
1985 1 732 717 128 114 0 
1986 1 734 731 113 100 0 
1987 1 734 733 113 100 0 
1988 1 734 735 113 100 0 
1989 1 733 736 114 102 0 
1990 1 734 738 113 100 0 
1991 1 733 738 114 102 0 
1992 1 734 741 113 100 0 
1993 1 734 741 113 100 0 
1994 1 734 742 113 100 0 
1995 1 734 742 114 102 0 
1996 1 723 746 127 112 0 
1997 1 735 745 113 100 0 
1998 1 735 746 114 102 0 
1999 1 735 748 114 102 0 
2000 1 735 750 114 102 0 
2001 1 735 752 114 102 0 
2002 1 735 754 108 97 0 
2003 1 739 757 114 102 0 
2004 1 736 754 114 102 0 
2005 1 736 754 114 102 0 
2006 1 738 755 113 100 0 
2007 1 739 753 112 100 0 
2008 1 739 751 113 100 0 
2009 1 740 749 113 100 0 
2010 1 701 733 157 138 0 
2011 1 702 729 158 140 0 
2012 1 703 728 157 138 0 
2013 1 734 719 156 138 0 
2014 1 733 709 183 162 0 
2015 1 736 715 159 140 0 
2016 1 713 728 147 130 0 
2017 1 742 739 114 102 0 
2018 1 742 739 114 102 0 
2019 1 737 716 159 140 0 
2020 1 712 696 213 188 0 
2021 1 712 696 213 188 0 
2022 1 712 696 213 188 0 
2023 1 714 696 213 188 0 
2024 1 714 696 213 188 0 
2025 1 727 732 134 120 0 
2026 1 728 730 133 118 0 
2027 1 746 742 113 100 0 
2028 1 746 742 113 100 0 
2029 1 746 741 113 100 0 
2030 1 746 741 113 100 0 
2031 1 745 739 114 102 0 
2032 1 746 740 113 100 0 
2033 1 745 738 115 102 0 
2034 1 746 738 114 102 0 
2035 1 747 739 113 100 0 
2036 1 747 739 113 100 0 
2037 1 746 738 114 102 0 
2038 1 747 739 113 100 0 
2039 1 747 739 113 100 0 
2040 1 748 739 112 100 0 
2041 2 748 739 113 100 0 865 756 115 102 0 
2042 2 748 739 113 100 0 867 765 97 86 0 
2043 2 726 710 161 142 0 866 765 95 84 0 
2044 2 748 739 113 100 0 865 764 94 84 0 
2045 2 865 764 94 84 0 748 738 113 100 0 
2046 2 863 762 94 84 0 748 738 113 100 0 
2047 2 863 762 94 84 0 748 738 112 100 0 
2048 2 863 762 94 84 0 747 737 113 100 0 
2049 1 784 754 125 110 0 
2050 1 784 753 124 110 0 
2051 1 784 753 124 110 0 
2052 1 784 751 124 110 0 
2053 1 784 751 124 110 0 
2054 1 782 751 124 110 0 
2055 1 782 751 124 110 0 
2056 1 782 751 124 110 0 
2057 1 782 749 124 110 4 
2058 1 782 749 124 110 0 
2059 1 782 749 124 110 0 
2060 1 782 749 124 110 0 
2061 1 782 749 124 110 0 
2062 1 780 749 124 110 0 
2063 1 780 749 124 110 0 
2064 1 780 749 124 110 0 
2065 1 780 749 124 110 0 
2066 1 780 749 124 110 0 
2067 1 780 749 124 110 0 
2068 1 780 749 124 110 0 
2069 1 780 749 124 110 0 
2070 1 780 749 124 110 0 
2071 1 780 749 124 110 0 
2072 1 780 749 124 110 0 
2073 1 739 720 156 138 0 
2074 1 745 736 112 100 0 
2075 1 745 736 112 100 0 
2076 1 746 737 111 98 0 
2077 1 742 722 148 132 0 
2078 1 747 738 110 98 0 
2079 1 743 723 147 130 0 
2080 1 747 738 111 98 0 
2081 1 747 738 111 98 0 
2082 1 747 738 111 98 0 
2083 1 747 737 112 100 0 
2084 1 747 737 112 100 0 
2085 1 747 736 112 100 0 
2086 1 747 737 112 100 0 
2087 1 747 736 112 100 0 
2088 1 747 737 111 98 0 
2089 1 747 737 111 98 0 
2090 1 747 737 110 98 0 
2091 1 747 737 110 98 0 
2092 1 747 737 110 98 0 
2093 1 747 737 110 98 0 
2094 1 747 737 110 98 0 
2095 1 747 737 110 98 0 
2096 1 745 738 110 98 0 
2097 1 745 738 110 98 0 
2098 1 745 737 110 98 0 
2099 1 745 737 109 96 0 
2100 1 744 736 109 96 0 
2101 1 744 736 109 96 0 
2102 1 744 734 108 96 0 
2103 1 740 716 140 124 0 
2104 1 743 733 109 96 0 
2105 1 743 732 109 96 0 
2106 1 743 731 109 96 0 
2107 1 743 730 108 96 0 
2108 1 742 729 109 96 0 
2109 1 742 729 109 96 0 
2110 1 742 728 109 96 0 
2111 1 742 728 108 96 0 
2112 1 742 728 108 96 0 
2113 1 741 728 109 96 0 
2114 1 741 727 108 96 0 
2115 1 741 727 108 96 0 
2116 1 740 726 109 96 0 
2117 1 740 726 109 96 0 
2118 1 740 726 109 96 0 
2119 1 741 726 108 96 0 
2120 1 740 725 108 96 0 
2121 1 740 724 109 96 0 
2122 1 741 723 108 96 0 
2123 1 742 723 107 94 0 
2124 1 742 723 107 94 0 
2125 1 742 722 107 94 0 
2126 1 742 721 107 94 0 
2127 1 742 720 108 96 0 
2128 1 743 721 107 94 0 
2129 1 743 721 107 94 0 
2130 1 743 721 107 94 0 
2131 1 743 721 106 94 0 
2132 1 743 721 106 94 0 
2133 1 743 721 107 94 0 
2134 1 743 721 107 94 0 
2135 1 743 720 106 94 0 
2136 1 743 720 107 94 0 
2137 1 743 720 107 94 0 
2138 1 744 720 105 92 0 
2139 1 744 720 105 92 0 
2140 1 744 720 105 92 0 
2141 1 744 720 105 92 0 
2142 1 744 719 105 92 0 
2143 1 744 719 104 92 0 
2144 1 744 719 105 92 0 
2145 1 744 719 105 92 0 
2146 1 744 719 105 92 0 
2147 1 744 719 105 92 0 
2148 1 744 719 105 92 0 
2149 1 745 718 104 92 0 
2150 1 747 720 99 88 0 
2151 1 747 720 99 88 0 
2152 1 748 721 98 88 0 
2153 1 749 722 97 86 0 
2154 1 748 721 98 88 0 
2155 1 748 722 98 88 0 
2156 1 748 722 98 88 0 
2157 1 748 723 98 88 0 
2158 1 748 723 98 88 0 
2159 1 748 724 98 88 0 
2160 1 748 724 98 88 0 
2161 1 749 726 97 86 0 
2162 1 748 725 97 86 0 
2163 1 748 725 97 86 0 
2164 1 748 724 97 86 0 
2165 1 748 724 97 86 0 
2166 1 748 723 97 86 0 
2167 1 748 722 97 86 0 
2168 1 748 722 97 86 0 
2169 1 748 722 97 86 0 
2170 1 748 722 97 86 0 
2171 1 748 722 97 86 0 
2172 1 748 722 97 86 0 
2173 1 748 722 97 86 0 
2174 1 748 722 97 86 0 
2175 1 748 722 97 86 0 
2176 1 746 724 96 86 0 
2177 1 746 724 96 86 0 
2178 1 746 724 96 86 0 
2179 1 746 724 96 86 0 
2180 1 746 725 96 86 0 
2181 1 746 726 96 86 0 
2182 1 746 727 96 86 0 
2183 1 746 728 95 84 0 
2184 1 746 728 95 84 0 
2185 1 746 728 95 84 0 
2186 1 746 728 95 84 0 
2187 1 746 728 90 80 0 
2188 1 748 728 95 84 0 
2189 1 746 726 95 84 0 
2190 1 753 710 125 110 0 
2191 1 746 725 95 84 0 
2192 1 746 725 95 84 0 
2193 1 746 725 95 84 0 
2194 1 746 725 90 80 0 
2195 1 748 725 95 84 0 
2196 1 746 723 95 84 0 
2197 1 746 723 95 84 0 
2198 1 744 721 95 84 0 
2199 1 744 721 95 84 0 
2200 1 744 721 90 80 0 
2201 1 746 720 93 82 0 
2202 1 746 720 93 82 0 
2203 1 746 720 93 82 0 
2204 1 744 722 93 82 0 
2205 1 744 724 88 78 0 
2206 1 746 725 91 80 0 
2207 1 746 726 91 80 0 
2208 1 746 727 91 80 0 
2209 1 746 727 92 82 0 
2210 1 746 729 91 80 0 
2211 1 746 729 92 82 0 
2212 1 748 730 90 80 0 
2213 1 747 729 91 80 0 
2214 1 748 730 91 80 0 
2215 1 748 730 91 80 0 
2216 1 749 729 90 80 0 
2217 1 749 729 90 80 0 
2218 1 749 729 90 80 0 
2219 1 749 727 90 80 0 
2220 1 751 727 90 80 0 
2221 1 751 727 90 80 0 
2222 1 751 727 90 80 0 
2223 1 751 727 90 80 0 
2224 1 751 727 90 80 0 
2225 1 751 727 90 80 0 
2226 1 751 727 90 80 0 
2227 1 753 727 90 80 0 
2228 1 753 729 90 80 0 
2229 1 753 729 90 80 0 
2230 1 753 729 90 80 0 
2231 1 753 729 90 80 0 
2232 1 753 729 90 80 0 
2233 1 753 729 90 80 0 
2234 1 755 729 90 80 0 
2235 1 755 729 90 80 0 
2236 1 755 729 90 80 0 
2237 1 755 729 85 76 0 
2238 1 758 729 90 80 0 
2239 1 755 727 90 80 0 
2240 1 757 727 90 80 0 
2241 1 757 727 85 76 0 
2242 1 760 729 85 76 0 
2243 1 760 727 90 80 0 
2244 1 757 725 85 76 0 
2245 1 760 727 85 76 0 
2246 1 761 727 85 76 0 
2247 1 761 727 85 76 0 
2248 1 761 727 85 76 0 
2249 1 762 727 85 76 0 
2250 1 762 727 85 76 0 
2251 1 763 727 85 76 0 
2252 1 763 727 85 76 0 
2253 1 764 727 85 76 0 
2254 1 764 727 85 76 0 
2255 1 765 728 85 76 0 
2256 1 765 729 85 76 0 
2257 1 765 729 85 76 0 
2258 1 766 730 85 76 0 
2259 1 766 731 85 76 0 
2260 1 767 732 85 76 0 
2261 1 767 732 85 76 0 
2262 1 768 732 85 76 0 
2263 1 768 732 85 76 0 
2264 1 769 732 85 76 0 
2265 1 770 732 85 76 0 
2266 1 770 730 85 76 0 
2267 1 771 730 85 76 0 
2268 1 771 730 85 76 0 
2269 1 772 730 85 76 0 
2270 1 773 730 85 76 0 
2271 1 773 731 85 76 0 
2272 1 774 732 85 76 0 
2273 1 774 733 85 76 0 
2274 1 775 734 85 76 0 
2275 1 776 735 85 76 0 
2276 1 776 736 85 76 0 
2277 1 777 737 85 76 0 
2278 1 777 737 85 76 0 
2279 1 778 735 85 76 0 
2280 1 779 735 85 76 0 
2281 1 780 735 85 76 0 
2282 1 780 733 85 76 0 
2283 1 781 733 85 76 0 
2284 1 781 733 85 76 0 
2285 1 782 733 85 76 0 
2286 1 782 734 85 76 0 
2287 1 783 735 85 76 0 
2288 1 783 735 85 76 0 
2289 1 783 736 85 76 0 
2290 1 783 737 85 76 0 
2291 1 783 738 85 76 0 
2292 1 783 739 85 76 0 
2293 1 783 740 85 76 0 
2294 1 783 741 85 76 0 
2295 1 783 742 85 76 0 
2296 1 783 743 85 76 0 
2297 1 783 744 85 76 0 
2298 1 783 745 85 76 0 
2299 1 783 746 85 76 0 
2300 1 783 747 85 76 0 
2301 1 783 748 85 76 0 
2302 1 783 749 85 76 0 
2303 1 783 749 85 76 0 
2304 1 783 749 85 76 0 
2305 1 783 747 85 76 0 
2306 1 783 747 85 76 0 
2307 1 783 747 85 76 0 
2308 1 783 747 85 76 0 
2309 1 783 745 85 76 0 
2310 1 783 745 85 76 0 
2311 1 783 743 85 76 0 
2312 1 783 743 85 76 0 
2313 1 783 743 85 76 0 
2314 1 783 743 85 76 0 
2315 1 781 743 85 76 0 
2316 1 781 743 85 76 0 
2317 1 781 741 85 76 0 
2318 1 781 741 85 76 0 
2319 1 781 741 85 76 0 
2320 1 779 739 85 76 0 
2321 1 779 739 85 76 0 
2322 1 779 739 85 76 0 
2323 1 779 739 85 76 0 
2324 1 779 739 85 76 0 
2325 1 779 739 85 76 0 
2326 1 777 737 85 76 0 
2327 1 777 735 85 76 0 
2328 1 777 735 85 76 0 
2329 1 777 733 85 76 0 
2330 1 775 733 85 76 0 
2331 1 775 733 85 76 0 
2332 1 775 733 85 76 0 
2333 1 775 733 85 76 0 
2334 1 773 733 85 76 0 
2335 1 773 733 85 76 0 
2336 1 773 733 85 76 0 
2337 1 773 733 85 76 0 
2338 1 771 733 85 76 0 
2339 1 771 733 85 76 0 
2340 1 771 733 85 76 0 
2341 1 771 733 85 76 0 
2342 1 771 733 85 76 0 
2343 1 771 733 85 76 0 
2344 1 771 733 85 76 0 
2345 1 771 734 85 76 0 
2346 1 771 735 85 76 0 
2347 1 771 735 85 76 0 
2348 1 771 736 85 76 0 
2349 1 771 736 85 76 0 
2350 1 771 736 85 76 0 
2351 1 771 736 85 76 0 
2352 1 771 736 85 76 0 
2353 1 771 737 85 76 0 
2354 1 772 737 85 76 0 
2355 1 772 735 85 76 0 
2356 1 773 736 85 76 0 
2357 1 773 736 85 76 0 
2358 1 774 736 85 76 0 
2359 1 774 736 85 76 0 
2360 1 775 736 85 76 0 
2361 1 775 736 85 76 0 
2362 1 776 736 85 76 0 
2363 1 776 736 85 76 0 
2364 1 777 736 85 76 0 
2365 1 777 736 85 76 0 
2366 1 778 736 85 76 0 
2367 1 778 737 85 76 0 
2368 1 778 738 85 76 0 
2369 1 779 738 85 76 0 
2370 1 780 739 85 76 0 
2371 1 780 739 85 76 0 
2372 1 781 739 85 76 0 
2373 1 781 739 85 76 0 
2374 1 782 739 85 76 0 
2375 1 782 739 85 76 0 
2376 1 782 739 85 76 0 
2377 1 782 737 85 76 0 
2378 1 782 737 85 76 0 
2379 1 782 737 85 76 0 
2380 1 782 737 85 76 0 
2381 1 782 738 85 76 0 
2382 1 782 738 85 76 0 
2383 1 782 738 85 76 0 
2384 1 782 738 85 76 0 
2385 1 780 736 85 76 0 
2386 1 780 737 85 76 0 
2387 1 780 737 85 76 0 
2388 1 780 738 85 76 0 
2389 1 778 739 85 76 0 
2390 1 778 740 85 76 0 
2391 1 778 741 85 76 0 
2392 1 778 741 85 76 0 
2393 1 778 741 85 76 0 
2394 1 778 741 85 76 0 
2395 1 776 741 85 76 0 
2396 1 776 741 85 76 0 
2397 1 776 741 85 76 0 
2398 1 776 739 85 76 0 
2399 1 774 739 85 76 0 
2400 1 774 739 85 76 0 
2401 1 772 739 85 76 0 
2402 1 772 739 85 76 0 
2403 1 770 739 85 76 0 
2404 1 770 739 85 76 0 
2405 1 768 739 85 76 0 
2406 1 768 740 85 76 0 
2407 1 766 741 85 76 0 
2408 1 766 741 85 76 0 
2409 1 764 741 85 76 0 
2410 1 764 741 85 76 0 
2411 1 762 741 85 76 0 
2412 1 762 739 85 76 0 
2413 1 760 739 85 76 0 
2414 1 760 737 85 76 0 
2415 1 758 737 85 76 0 
2416 1 758 737 85 76 0 
2417 1 756 735 85 76 0 
2418 1 756 735 85 76 0 
2419 1 756 733 85 76 0 
2420 1 754 733 85 76 0 
2421 1 754 733 85 76 0 
2422 1 754 733 85 76 0 
2423 1 754 734 85 76 0 
2424 1 754 734 85 76 0 
2425 1 752 735 85 76 0 
2426 1 752 735 85 76 0 
2427 1 752 736 85 76 0 
2428 2 752 736 85 76 0 515 728 111 98 0 
2429 2 752 736 85 76 0 515 727 112 100 4 
2430 2 752 736 85 76 0 517 727 112 100 4 
2431 2 752 734 85 76 0 518 726 112 100 4 
2432 2 752 734 85 76 0 520 727 111 98 4 
2433 2 752 734 85 76 0 522 727 111 98 4 
2434 2 752 734 85 76 0 523 728 111 98 4 
2435 2 752 734 85 76 0 525 728 110 98 4 
2436 2 752 734 85 76 0 526 728 111 98 4 
2437 2 752 734 85 76 0 528 729 109 96 4 
2438 2 752 734 85 76 0 529 729 110 98 4 
2439 2 750 734 85 76 0 531 730 109 96 4 
2440 2 750 734 85 76 0 532 730 109 96 4 
2441 2 750 734 85 76 0 533 729 108 96 4 
2442 2 750 734 85 76 0 534 729 109 96 4 
2443 2 750 734 85 76 0 535 730 108 96 4 
2444 2 750 734 85 76 0 536 731 107 94 4 
2445 2 750 734 85 76 0 539 732 105 92 4 
2446 2 750 735 85 76 0 539 732 106 94 4 
2447 2 750 735 85 76 0 541 734 105 92 4 
2448 2 750 736 85 76 0 542 734 105 92 4 
2449 2 750 736 85 76 0 543 734 105 92 4 
2450 2 750 736 85 76 0 544 735 105 92 4 
2451 2 750 736 85 76 0 544 734 106 94 4 
2452 2 750 736 85 76 0 546 735 105 92 4 
2453 2 750 736 85 76 0 550 737 99 88 4 
2454 2 750 736 85 76 0 551 737 98 88 4 
2455 2 750 736 85 76 0 552 737 98 88 4 
2456 2 750 734 85 76 0 553 736 98 88 4 
2457 2 750 734 85 76 0 554 736 98 88 4 
2458 2 750 734 85 76 0 555 735 98 88 4 
2459 2 750 732 85 76 0 556 735 97 86 4 
2460 2 750 732 85 76 0 557 734 97 86 4 
2461 2 750 732 85 76 0 558 734 97 86 4 
2462 2 750 732 85 76 0 558 733 98 88 4 
2463 2 750 732 85 76 0 560 734 97 86 4 
2464 2 750 732 85 76 0 560 732 98 88 4 
2465 2 750 732 85 76 0 561 733 97 86 4 
2466 2 750 732 85 76 0 562 734 97 86 4 
2467 2 750 732 85 76 0 562 734 97 86 4 
2468 2 750 732 85 76 0 564 735 96 86 4 
2469 2 750 732 85 76 0 564 734 97 86 4 
2470 2 750 732 85 76 0 565 734 97 86 4 
2471 2 750 732 85 76 0 566 734 96 86 4 
2472 2 750 732 85 76 0 566 734 97 86 4 
2473 2 750 732 85 76 0 566 733 98 88 4 
2474 2 750 732 85 76 0 568 734 97 86 4 
2475 2 750 732 85 76 0 569 735 96 86 4 
2476 2 750 733 85 76 0 569 735 96 86 4 
2477 2 750 733 85 76 0 570 737 95 84 4 
2478 2 750 734 85 76 0 570 737 95 84 4 
2479 2 750 734 85 76 0 570 737 95 84 4 
2480 2 750 735 85 76 0 572 739 95 84 4 
2481 2 750 735 85 76 0 573 739 94 84 4 
2482 2 750 735 85 76 0 573 738 95 84 4 
2483 2 750 735 85 76 0 574 739 95 84 4 
2484 2 750 735 85 76 0 574 738 95 84 4 
2485 2 750 735 85 76 0 575 738 95 84 4 
2486 2 750 733 85 76 0 576 738 95 84 4 
2487 2 750 733 85 76 0 577 737 94 84 4 
2488 2 750 733 85 76 0 577 736 94 84 4 
2489 2 750 733 85 76 0 578 735 94 84 4 
2490 2 750 731 85 76 0 578 735 95 84 4 
2491 2 750 731 85 76 0 579 734 94 84 4 
2492 2 750 731 85 76 0 580 735 93 82 4 
2493 2 750 729 85 76 0 580 734 93 82 4 
2494 2 750 729 85 76 0 581 734 93 82 4 
2495 2 750 729 85 76 0 581 733 93 82 4 
2496 2 750 729 85 76 0 582 733 93 82 4 
2497 2 750 729 85 76 0 582 733 93 82 4 
2498 2 750 729 85 76 0 582 733 94 84 4 
2499 2 750 729 85 76 0 583 734 93 82 4 
2500 2 750 729 85 76 0 584 733 92 82 4 
2501 2 750 729 85 76 0 584 733 93 82 4 
2502 2 750 729 85 76 0 584 734 93 82 4 
2503 2 750 729 85 76 0 584 734 94 84 0 
2504 2 750 730 85 76 0 585 734 94 84 0 
2505 2 750 730 85 76 0 586 735 93 82 4 
2506 2 751 730 85 76 0 586 734 95 84 4 
2507 2 751 731 85 76 0 587 735 94 84 4 
2508 2 751 731 85 76 0 588 737 93 82 4 
2509 2 751 731 85 76 0 589 737 93 82 4 
2510 2 752 731 85 76 0 589 736 94 84 4 
2511 2 752 731 85 76 0 590 737 93 82 4 
2512 2 752 731 85 76 0 590 736 94 84 4 
2513 2 752 732 85 76 0 590 736 94 84 4 
2514 2 753 732 85 76 0 591 737 94 84 4 
2515 2 753 732 85 76 0 592 738 93 82 4 
2516 2 753 732 85 76 0 592 737 94 84 4 
2517 2 754 732 85 76 0 593 737 94 84 4 
2518 2 754 732 85 76 0 594 738 93 82 4 
2519 2 754 732 85 76 0 594 736 94 84 4 
2520 2 755 732 85 76 0 594 736 95 84 4 
2521 2 755 732 85 76 0 596 737 93 82 4 
2522 2 755 732 85 76 0 596 737 93 82 4 
2523 2 756 732 85 76 0 597 737 93 82 4 
2524 2 756 732 85 76 0 598 737 93 82 4 
2525 2 757 732 85 76 0 598 737 93 82 4 
2526 2 757 732 85 76 0 598 736 94 84 4 
2527 2 757 732 85 76 0 599 737 93 82 4 
2528 2 758 732 85 76 0 599 736 94 84 4 
2529 2 758 732 85 76 0 600 735 94 84 4 
2530 2 758 732 85 76 0 600 736 94 84 4 
2531 2 759 732 85 76 0 601 736 94 84 4 
2532 2 759 730 85 76 0 601 734 95 84 4 
2533 2 759 730 85 76 0 602 735 95 84 4 
2534 2 760 730 85 76 0 602 734 95 84 4 
2535 2 760 730 85 76 0 603 735 94 84 4 
2536 2 761 730 85 76 0 604 734 94 84 4 
2537 2 761 731 85 76 0 604 736 94 84 4 
2538 2 761 731 85 76 0 604 736 94 84 4 
2539 2 761 731 85 76 0 606 736 94 84 4 
2540 2 762 732 85 76 0 606 736 94 84 0 
2541 2 762 732 85 76 0 606 736 94 84 0 
2542 2 763 732 85 76 0 606 736 94 84 0 
2543 2 763 733 85 76 0 605 735 98 88 0 
2544 2 763 733 85 76 0 606 737 97 86 0 
2545 2 764 733 85 76 0 608 737 96 86 0 
2546 2 764 734 85 76 0 607 737 98 88 0 
2547 2 765 734 85 76 0 608 738 97 86 4 
2548 2 765 734 85 76 0 610 738 96 86 4 
2549 2 766 734 85 76 0 610 738 97 86 4 
2550 2 766 734 85 76 0 611 738 96 86 4 
2551 2 766 734 85 76 0 611 738 96 86 4 
2552 2 767 734 85 76 0 611 738 96 86 4 
2553 2 768 734 85 76 0 613 738 96 86 4 
2554 2 768 734 85 76 0 614 739 96 86 4 
2555 2 769 734 85 76 0 614 739 97 86 4 
2556 2 769 734 85 76 0 615 740 97 86 4 
2557 2 770 734 85 76 0 616 740 97 86 4 
2558 2 771 734 85 76 0 617 740 96 86 4 
2559 2 771 732 90 80 0 617 740 97 86 4 
2560 2 770 730 90 80 0 619 741 95 84 4 
2561 2 770 730 85 76 0 619 738 96 86 4 
2562 2 773 730 90 80 0 621 739 95 84 4 
2563 2 772 728 90 80 0 621 737 96 86 4 
2564 2 772 728 85 76 0 622 738 95 84 4 
2565 2 775 730 85 76 0 623 737 95 84 4 
2566 2 776 728 90 80 0 624 737 95 84 4 
2567 2 773 726 90 80 0 624 736 96 86 4 
2568 2 775 726 90 80 0 625 736 96 86 4 
2569 2 775 726 90 80 0 626 735 96 86 4 
2570 2 775 726 90 80 0 626 736 97 86 4 
2571 2 777 726 90 80 0 627 736 96 86 4 
2572 2 777 726 90 80 0 628 736 97 86 4 
2573 2 777 726 90 80 0 629 735 96 86 4 
2574 2 779 726 90 80 0 629 734 98 88 4 
2575 2 779 726 90 80 0 630 735 98 88 4 
2576 2 779 726 90 80 0 630 735 99 88 4 
2577 2 781 726 90 80 0 628 733 104 92 4 
2578 2 781 726 90 80 0 629 733 104 92 4 
2579 2 781 726 90 80 0 630 733 105 92 4 
2580 2 783 724 94 84 0 630 731 106 94 4 
2581 2 781 722 94 84 0 630 731 107 94 4 
2582 2 781 722 94 84 0 631 730 108 96 4 
2583 2 783 722 94 84 0 632 730 107 94 4 
2584 2 783 719 99 88 0 632 729 108 96 4 
2585 2 781 719 94 84 0 632 729 108 96 4 
2586 2 783 721 94 84 0 634 729 108 96 4 
2587 2 785 721 94 84 0 634 729 108 96 4 
2588 2 785 721 94 84 0 635 729 109 96 4 
2589 2 785 721 94 84 0 636 728 110 98 4 
2590 2 785 721 94 84 0 637 728 110 98 4 
2591 2 787 721 94 84 0 638 729 109 96 4 
2592 2 787 721 94 84 0 639 730 109 96 4 
2593 2 787 723 94 84 0 639 729 110 98 4 
2594 2 787 723 94 84 0 640 729 110 98 4 
2595 2 789 723 94 84 0 640 729 111 98 4 
2596 2 789 723 94 84 0 642 731 111 98 4 
2597 2 789 725 94 84 0 643 731 110 98 4 
2598 2 643 731 112 100 4 807 735 92 82 0 
2599 2 807 735 92 82 0 644 733 111 98 4 
2600 2 809 735 92 82 0 645 733 111 98 4 
2601 2 809 735 92 82 0 645 732 112 100 4 
2602 2 809 733 92 82 0 646 731 112 100 4 
2603 2 809 733 92 82 0 646 729 114 102 4 
2604 2 809 733 92 82 0 647 729 114 102 4 
2605 2 811 731 92 82 1 648 728 113 100 4 
2606 2 811 731 92 82 1 649 730 113 100 4 
2607 2 811 731 92 82 0 649 726 114 102 4 
2608 2 813 731 92 82 0 651 727 114 102 4 
2609 2 813 731 92 82 0 651 725 117 104 4 
2610 2 813 731 92 82 0 652 725 117 104 4 
2611 2 813 731 92 82 0 650 724 123 108 4 
2612 2 813 731 92 82 0 650 724 123 108 4 
2613 2 815 731 92 82 0 652 724 123 108 4 
2614 2 815 731 92 82 1 652 724 123 108 4 
2615 2 815 731 92 82 1 654 724 123 108 4 
2616 2 815 731 92 82 0 655 720 124 110 4 
2617 2 817 731 92 82 0 655 720 124 110 4 
2618 2 817 733 92 82 0 657 722 124 110 4 
2619 2 817 733 92 82 0 657 722 124 110 4 
2620 2 817 735 92 82 0 659 724 126 112 4 
2621 2 819 735 92 82 1 659 724 126 112 4 
2622 2 819 735 92 82 0 661 724 126 112 4 
2623 2 819 735 92 82 0 661 724 126 112 4 
2624 2 819 735 87 78 0 662 724 128 114 4 
2625 2 823 735 92 82 0 663 723 128 114 4 
2626 2 820 733 92 82 1 663 723 128 114 4 
2627 2 820 731 96 86 1 664 722 128 114 4 
2628 2 818 729 92 82 1 665 723 128 114 4 
2629 2 820 729 96 86 0 666 720 128 114 4 
2630 2 818 727 92 82 0 667 721 126 112 4 
2631 2 667 721 126 112 4 788 710 131 116 0 
2632 2 667 721 126 112 4 788 710 131 116 0 
2633 2 669 721 126 112 4 788 710 131 116 0 
2634 2 788 710 131 116 0 667 720 129 114 4 
2635 2 788 712 131 116 0 669 720 129 114 4 
2636 2 788 712 131 116 0 669 721 128 114 4 
2637 2 786 712 131 116 0 669 721 128 114 4 
2638 2 786 714 131 116 0 669 723 128 114 4 
2639 2 786 714 131 116 0 669 723 128 114 4 
2640 2 786 714 131 116 0 669 725 129 114 4 
2641 2 786 714 131 116 0 669 724 131 116 4 
2642 2 786 714 131 116 0 671 722 131 116 4 
2643 2 786 712 131 116 0 671 721 130 116 4 
2644 2 786 712 131 116 0 672 720 130 116 4 
2645 2 786 712 131 116 0 672 720 130 116 4 
2646 2 786 712 131 116 0 673 721 129 114 4 
2647 2 784 712 131 116 0 673 721 130 116 4 
2648 2 784 712 131 116 0 673 721 130 116 4 
2649 2 784 712 131 116 1 673 721 130 116 4 
2650 2 784 712 131 116 1 673 721 130 116 4 
2651 2 784 712 131 116 1 674 718 131 116 4 
2652 2 784 712 131 116 0 674 718 132 118 4 
2653 2 784 712 131 116 0 674 718 132 118 4 
2654 2 784 712 131 116 1 676 718 132 118 4 
2655 1 676 718 132 118 4 
2656 1 677 724 131 116 4 
2657 1 678 725 131 116 4 
2658 1 678 724 132 118 4 
2659 1 678 724 132 118 4 
2660 1 678 724 132 118 4 
2661 1 680 724 132 118 4 
2662 1 681 725 133 118 4 
2663 1 681 725 133 118 4 
2664 1 682 726 132 118 4 
2665 1 683 725 132 118 4 
2666 1 692 733 115 102 0 
2667 1 692 733 116 104 0 
2668 1 692 733 117 104 0 
2669 1 690 731 122 108 0 
2670 1 693 733 117 104 0 
2671 1 691 731 122 108 0 
2672 1 691 731 122 108 0 
2673 1 692 730 123 108 0 
2674 2 692 731 123 108 0 815 730 96 86 0 
2675 2 693 731 122 108 0 815 730 96 86 0 
2676 2 815 730 96 86 0 693 730 124 110 0 
2677 2 815 730 96 86 0 694 731 123 108 0 
2678 2 815 730 96 86 0 694 731 124 110 0 
2679 2 815 730 96 86 0 695 731 124 110 0 
2680 2 815 730 96 86 0 695 731 124 110 0 
2681 2 815 730 96 86 0 696 731 124 110 0 
2682 2 815 730 96 86 0 696 732 124 110 0 
2683 2 815 730 96 86 0 696 732 124 110 0 
2684 2 815 730 96 86 0 697 732 125 110 0 
2685 2 815 730 96 86 0 697 731 126 112 0 
2686 2 815 730 96 86 0 697 730 126 112 0 
2687 2 815 730 91 81 0 697 731 125 110 0 
2688 2 816 733 91 81 0 697 729 126 112 0 
2689 2 816 731 96 86 0 697 728 128 114 0 
2690 2 813 728 96 86 0 698 729 126 112 4 
2691 2 813 728 96 86 0 698 728 127 112 4 
2692 2 813 728 96 86 0 698 727 128 114 0 
2693 2 813 728 96 86 0 698 727 128 114 0 
2694 2 811 728 96 86 0 698 727 128 114 0 
2695 2 811 728 96 86 0 698 727 129 114 0 
2696 2 811 728 96 86 0 699 727 128 114 0 
2697 2 811 728 91 81 0 699 727 128 114 0 
2698 2 814 731 91 81 0 699 727 128 114 0 
2699 1 735 725 141 124 0 
2700 1 735 725 141 124 0 
2701 1 700 728 129 114 0 
2702 1 700 728 129 114 0 
2703 1 700 728 129 114 0 
2704 1 700 728 129 114 0 
2705 1 700 729 129 114 4 
2706 1 700 729 129 114 4 
2707 1 701 730 128 114 0 
2708 1 701 730 129 114 0 
2709 1 701 729 130 116 0 
2710 1 701 729 130 116 0 
2711 1 701 731 129 114 0 
2712 1 701 731 129 114 0 
2713 1 702 730 129 114 0 
2714 1 702 729 129 114 0 
2715 1 702 729 129 114 0 
2716 1 702 729 129 114 0 
2717 1 702 727 131 116 0 
2718 1 702 727 131 116 0 
2719 1 702 727 131 116 0 
2720 1 702 728 131 116 0 
2721 1 702 728 131 116 0 
2722 1 702 728 131 116 0 
2723 1 702 728 137 121 4 
2724 1 699 726 137 121 4 
2725 1 701 724 145 128 4 
2726 1 701 723 144 128 4 
2727 1 703 728 132 118 0 
2728 1 703 728 133 118 0 
2729 1 704 727 132 118 0 
2730 1 704 727 132 118 0 
2731 1 704 727 133 118 0 
2732 1 704 726 132 118 0 
2733 1 704 727 133 118 0 
2734 1 704 727 133 118 0 
2735 1 704 727 133 118 0 
2736 1 704 727 133 118 0 
2737 1 705 728 132 118 0 
2738 1 705 729 132 118 0 
2739 1 705 729 132 118 0 
2740 1 705 730 132 118 0 
2741 1 706 731 132 118 0 
2742 1 706 731 132 118 0 
2743 1 706 731 132 118 0 
2744 1 706 731 133 118 0 
2745 1 706 731 133 118 0 
2746 1 707 731 132 118 0 
2747 1 707 731 133 118 0 
2748 1 707 730 133 118 0 
2749 1 707 729 134 120 0 
2750 1 705 729 139 122 0 
2751 1 707 730 134 120 0 
2752 1 708 732 133 118 0 
2753 1 706 730 139 122 0 
2754 1 706 728 142 126 0 
2755 1 706 728 142 126 0 
2756 1 706 729 140 124 0 
2757 1 706 730 139 122 0 
2758 1 706 729 139 122 0 
2759 1 706 729 139 122 0 
2760 1 709 730 134 120 0 
2761 1 709 729 134 120 0 
2762 1 707 728 139 122 0 
2763 1 707 727 140 124 0 
2764 1 707 726 140 124 0 
2765 1 708 727 139 122 0 
2766 1 708 727 139 122 0 
2767 1 708 726 139 122 0 
2768 1 708 726 139 122 0 
2769 1 711 728 134 120 0 
2770 1 708 727 139 122 0 
2771 1 708 726 140 124 0 
2772 1 708 726 140 124 0 
2773 1 708 726 140 124 0 
2774 1 708 727 140 124 0 
2775 1 708 727 141 124 0 
2776 1 708 728 141 124 0 
2777 1 708 728 141 124 0 
2778 1 708 728 141 124 0 
2779 1 708 728 141 124 0 
2780 1 708 728 141 124 0 
2781 1 708 728 142 126 0 
2782 1 708 728 143 126 0 
2783 1 708 728 143 126 0 
2784 1 709 729 142 126 0 
2785 1 708 730 143 126 0 
2786 1 708 730 143 126 0 
2787 1 708 732 143 126 0 
2788 1 708 732 143 126 0 
2789 1 708 733 143 126 0 
2790 1 708 733 143 126 0 
2791 1 708 732 144 128 0 
2792 1 708 732 144 128 0 
2793 1 708 732 144 128 0 
2794 1 708 732 144 128 0 
2795 1 708 732 144 128 0 
2796 1 708 732 144 128 0 
2797 1 708 732 144 128 0 
2798 1 708 732 145 128 0 
2799 1 708 732 145 128 0 
2800 1 707 731 146 130 0 
2801 1 708 731 146 130 0 
2802 1 708 732 147 130 0 
2803 1 708 732 147 130 0 
2804 1 708 732 147 130 0 
2805 1 708 732 147 130 0 
2806 1 708 732 147 130 0 
2807 1 708 731 148 132 0 
2808 1 708 731 148 132 0 
2809 1 708 732 149 132 0 
2810 1 708 731 149 132 0 
2811 1 708 731 149 132 0 
2812 1 709 731 148 132 0 
2813 1 708 729 150 134 0 
2814 1 709 730 149 132 0 
2815 1 709 728 149 132 0 
2816 1 709 727 150 134 0 
2817 1 709 726 150 134 0 
2818 1 709 726 151 134 0 
2819 1 709 726 151 134 0 
2820 1 710 726 150 134 0 
2821 1 710 726 150 134 0 
2822 1 710 728 150 134 0 
2823 1 710 728 150 134 0 
2824 1 712 728 150 134 0 
2825 1 712 728 150 134 0 
2826 1 709 726 157 138 0 
2827 1 709 724 158 140 0 
2828 1 710 724 158 140 0 
2829 1 710 724 158 140 0 
2830 1 710 724 159 140 0 
2831 1 711 723 159 140 0 
2832 1 712 723 159 140 0 
2833 1 712 722 159 140 0 
2834 1 712 721 161 142 0 
2835 1 712 721 161 142 0 
2836 1 713 720 160 142 0 
2837 1 713 721 161 142 0 
2838 1 714 721 161 142 0 
2839 1 714 721 161 142 0 
2840 1 714 722 162 144 0 
2841 1 714 722 163 144 0 
2842 1 714 722 163 144 0 
2843 1 715 723 163 144 0 
2844 1 716 722 163 144 0 
2845 1 716 722 163 144 0 
2846 1 716 720 164 146 0 
2847 1 717 719 164 146 0 
2848 1 718 720 163 144 0 
2849 1 718 720 164 146 0 
2850 1 718 721 164 146 0 
2851 1 718 721 165 146 0 
2852 1 718 721 165 146 0 
2853 1 719 722 165 146 0 
2854 1 719 722 166 148 0 
2855 1 719 723 166 148 0 
2856 1 719 724 167 148 0 
2857 1 720 725 167 148 0 
2858 1 720 725 167 148 0 
2859 1 720 723 169 150 0 
2860 1 720 723 169 150 0 
2861 1 721 722 168 150 0 
2862 1 721 722 169 150 0 
2863 1 722 721 169 150 0 
2864 1 722 721 169 150 0 
2865 1 720 719 174 154 0 
2866 1 721 718 174 154 0 
2867 1 721 719 174 154 0 
2868 1 721 719 174 154 0 
2869 1 721 721 174 154 0 
2870 1 723 721 174 154 0 
2871 1 723 721 174 154 0 
2872 1 723 720 176 156 0 
2873 1 723 720 176 156 0 
2874 1 724 722 176 156 0 
2875 1 724 722 177 156 0 
2876 1 724 721 178 158 0 
2877 1 724 721 179 158 0 
2878 1 726 722 177 156 0 
2879 1 726 722 178 158 0 
2880 1 726 722 179 158 0 
2881 1 727 722 178 158 0 
2882 1 728 722 179 158 0 
2883 1 728 722 179 158 0 
2884 1 728 721 181 160 0 
2885 1 729 721 180 160 0 
2886 1 729 721 181 160 0 
2887 1 730 722 181 160 0 
2888 1 730 721 182 162 0 
2889 1 731 721 182 162 0 
2890 1 731 721 182 162 0 
2891 1 732 722 182 162 0 
2892 1 732 721 183 162 0 
2893 1 733 721 183 162 0 
2894 1 733 720 184 164 0 
2895 1 734 720 183 162 0 
2896 1 734 719 185 164 0 
2897 1 734 717 185 164 0 
2898 1 735 717 185 164 0 
2899 1 735 716 186 166 0 
2900 1 736 717 185 164 0 
2901 1 734 716 191 168 0 
2902 1 734 717 191 168 0 
2903 1 734 716 193 170 0 
2904 1 735 718 192 170 0 
2905 1 736 718 193 170 0 
2906 1 736 718 193 170 0 
2907 1 736 718 194 172 0 
2908 1 737 718 194 172 0 
2909 1 738 718 194 172 0 
2910 1 738 718 195 172 0 
2911 1 738 716 196 174 0 
2912 1 738 716 197 174 0 
2913 1 739 715 197 174 0 
2914 1 739 713 198 176 0 
2915 1 740 713 198 176 0 
2916 1 741 712 198 176 0 
2917 1 742 713 199 176 0 
2918 1 742 713 199 176 0 
2919 1 743 714 199 176 0 
2920 1 744 715 199 176 0 
2921 1 744 715 200 178 0 
2922 1 744 715 201 178 0 
2923 1 745 714 202 180 0 
2924 1 745 715 203 180 0 
2925 1 746 714 203 180 0 
2926 1 745 712 208 184 0 
2927 1 745 712 209 184 0 
2928 1 746 713 209 184 0 
2929 1 747 712 210 186 0 
2930 1 747 713 211 186 0 
2931 1 748 713 211 186 0 
2932 1 749 713 212 188 0 
2933 1 749 714 212 188 0 
2934 1 751 715 211 186 0 
2935 1 751 714 213 188 0 
2936 1 751 714 213 188 0 
2937 1 753 714 213 188 0 
2938 1 753 714 213 188 0 
