1 0 
2 0 
3 1 763 739 180 160 0 
4 1 763 738 180 160 4 
5 1 763 738 180 160 4 
6 1 762 737 182 162 4 
7 1 761 736 184 164 4 
8 1 761 736 184 164 4 
9 1 760 735 185 164 4 
10 1 757 733 191 168 4 
11 1 757 733 191 168 4 
12 1 756 732 193 170 4 
13 1 755 732 194 172 4 
14 1 755 731 194 172 4 
15 1 754 730 196 174 4 
16 1 753 730 197 174 4 
17 1 753 730 198 176 4 
18 1 753 730 198 176 4 
19 1 752 729 200 178 4 
20 1 751 729 201 178 4 
21 1 751 728 201 178 4 
22 1 747 726 208 184 4 
23 1 747 725 208 184 4 
24 1 745 724 211 186 4 
25 1 745 725 211 186 4 
26 1 745 724 212 188 4 
27 1 744 723 214 190 4 
28 1 743 723 215 190 4 
29 1 742 722 216 192 4 
30 1 741 722 218 194 4 
31 1 740 723 219 194 4 
32 1 740 723 219 194 4 
33 1 740 725 219 194 4 
34 1 740 725 219 194 4 
35 2 740 725 229 203 4 658 760 97 86 0 
36 2 735 721 229 203 4 657 760 97 86 4 
37 2 735 721 229 203 4 656 759 98 88 4 
38 2 735 721 229 203 4 655 759 98 88 0 
39 2 735 721 241 213 4 655 759 98 88 0 
40 2 729 716 241 213 4 654 759 98 88 0 
41 2 729 718 229 203 4 653 759 99 88 0 
42 2 732 723 241 213 4 652 759 99 88 4 
43 2 728 718 241 213 4 649 757 104 92 4 
44 2 728 718 241 213 4 651 759 99 88 4 
45 2 728 718 241 213 4 651 759 99 88 4 
46 2 728 718 253 224 4 648 758 104 92 4 
47 2 722 714 241 213 4 650 760 99 88 4 
48 2 728 720 241 213 4 649 760 99 88 4 
49 2 728 720 253 224 4 649 760 99 88 4 
50 2 722 714 253 224 4 647 760 99 88 4 
51 2 722 714 266 235 4 647 760 99 88 4 
52 2 715 711 253 224 4 644 759 104 92 4 
53 2 722 716 266 235 4 643 759 105 92 4 
54 2 715 711 266 235 4 643 759 105 92 4 
55 2 715 711 266 235 4 643 760 104 92 4 
56 2 715 711 279 247 4 642 760 105 92 4 
57 2 709 705 279 247 4 642 760 105 92 4 
58 2 709 707 279 247 4 641 760 106 94 4 
59 2 709 707 279 247 4 640 760 107 94 0 
60 2 709 707 279 247 4 640 760 106 94 0 
61 2 709 707 279 247 4 639 760 106 94 0 
62 2 709 707 293 259 4 639 760 106 94 0 
63 3 702 703 279 247 4 639 760 106 94 0 1028 768 110 98 0 
64 3 709 709 279 247 4 639 760 106 94 0 1029 768 110 98 0 
65 3 709 709 293 259 4 637 760 107 94 0 1030 769 109 96 0 
66 3 702 703 293 259 4 636 761 108 96 0 1031 770 109 96 0 
67 3 702 703 293 259 4 635 760 108 96 4 1031 769 110 98 0 
68 3 702 705 293 259 4 635 761 108 96 4 1032 770 109 96 0 
69 3 702 705 293 259 4 635 761 108 96 4 1032 770 109 96 0 
70 3 702 705 293 259 4 635 763 107 94 4 1033 769 110 98 0 
71 3 702 705 308 272 4 634 762 108 96 4 1033 769 110 98 0 
72 3 694 698 308 272 4 1033 769 110 98 0 633 762 109 96 4 
73 3 694 698 308 272 4 1033 769 110 98 0 633 762 108 96 4 
74 3 694 698 308 272 4 1033 769 110 98 0 633 762 108 96 4 
75 3 694 698 308 272 4 632 762 109 96 4 1034 769 111 98 0 
76 3 694 698 308 272 4 632 762 108 96 4 1035 770 109 96 0 
77 3 694 700 308 272 4 631 762 109 96 4 1035 769 110 98 0 
78 3 694 700 308 272 4 630 761 110 98 4 1035 769 111 98 0 
79 3 694 700 308 272 4 630 761 109 96 4 1035 768 112 100 0 
80 3 694 700 308 272 4 1035 768 112 100 0 630 761 109 96 4 
81 3 694 700 323 286 4 1035 768 112 100 0 629 761 110 98 4 
82 3 687 693 323 286 4 1037 768 112 100 0 629 761 110 98 4 
83 3 687 693 323 286 4 1037 768 112 100 0 628 760 111 98 4 
84 3 687 693 323 286 4 628 760 110 98 0 1037 768 113 100 0 
85 3 687 693 323 286 4 627 760 111 98 0 1037 768 112 100 0 
86 3 687 693 323 286 4 1037 768 112 100 0 627 760 111 98 4 
87 3 687 693 323 286 4 1037 768 112 100 0 626 760 111 98 4 
88 3 687 693 323 286 4 1037 768 112 100 0 627 759 110 98 4 
89 3 687 693 339 300 4 1037 768 112 100 0 625 759 112 100 4 
90 3 675 686 339 300 4 1039 768 112 100 0 625 760 111 98 4 
91 3 678 686 339 300 4 1039 768 112 100 0 624 758 112 100 4 
92 3 678 686 339 300 4 1039 768 112 100 0 624 758 112 100 4 
93 3 678 686 339 300 4 1039 768 112 100 0 624 758 112 100 4 
94 3 678 686 339 300 4 1039 768 112 100 0 624 758 112 100 4 
95 3 678 686 339 300 4 1039 768 112 100 0 623 758 112 100 4 
96 3 678 686 339 300 4 1041 768 112 100 0 623 759 111 98 4 
97 3 678 686 339 300 4 1041 768 112 100 0 623 759 111 98 4 
98 3 678 686 356 316 4 1041 768 112 100 0 623 759 111 98 4 
99 3 669 678 356 316 4 1041 768 112 100 0 623 759 111 98 4 
100 3 669 678 356 316 4 1041 768 112 100 0 620 757 114 102 0 
101 3 669 678 356 316 4 1041 768 112 100 0 620 757 113 100 0 
102 3 669 678 356 316 4 1041 766 106 95 0 620 757 113 100 0 
103 3 669 678 356 316 4 1045 769 106 95 0 620 757 113 100 0 
104 3 669 678 356 316 4 1045 769 106 95 0 619 756 114 102 0 
105 3 669 678 356 316 4 1045 769 106 95 0 619 756 114 102 0 
106 3 669 681 356 316 4 1045 769 106 95 0 619 756 114 102 0 
107 3 669 681 356 316 4 619 756 114 102 0 1045 764 117 104 0 
108 3 669 681 356 316 4 619 756 114 102 0 1045 764 117 104 0 
109 3 669 681 356 316 4 617 756 114 102 0 1045 764 117 104 0 
110 3 669 681 356 316 4 1045 764 117 104 0 617 756 114 102 0 
111 3 669 681 374 331 4 1045 764 117 104 0 617 756 114 102 0 
112 3 660 674 374 331 4 1047 764 117 104 0 616 756 114 102 0 
113 3 660 674 374 331 4 1047 764 117 104 0 615 756 115 102 4 
114 3 660 674 374 331 4 615 756 115 102 4 1045 763 122 108 0 
115 3 660 674 374 331 4 615 756 115 102 4 1049 765 116 104 0 
116 4 660 674 374 331 4 614 756 115 102 4 1049 764 117 104 0 1053 861 111 98 0 
117 4 660 674 374 331 4 614 756 115 102 4 1049 764 117 104 0 1053 861 111 98 0 
118 4 660 674 374 331 4 614 756 115 102 4 1049 764 117 104 0 1053 861 111 98 0 
119 4 660 674 393 348 4 614 756 115 102 4 1049 764 117 104 0 1053 861 111 98 0 
120 4 651 668 374 331 4 1053 861 111 98 0 614 757 113 100 4 1051 765 116 104 0 
121 4 660 677 374 331 4 1053 861 111 98 0 1051 765 116 104 0 614 757 110 98 4 
122 4 660 677 374 331 4 1055 861 111 98 0 1051 765 116 104 0 614 757 110 98 4 
123 4 660 677 393 348 4 1055 861 111 98 0 1051 765 116 104 0 614 757 110 98 4 
124 4 651 668 393 348 4 1055 861 111 98 0 1051 765 116 104 0 614 757 110 98 0 
125 4 651 668 393 348 4 1055 861 111 98 0 1051 765 116 104 0 614 757 110 98 0 
126 4 651 668 393 348 4 1055 861 111 98 0 1051 765 116 104 0 614 757 110 98 0 
127 4 651 668 393 348 4 1055 861 111 98 0 1051 765 116 104 0 614 757 110 98 0 
128 4 651 668 393 348 4 1055 861 111 98 0 1051 765 116 104 0 614 757 110 98 0 
129 4 651 668 393 348 4 1055 861 111 98 0 1051 765 116 104 0 612 757 110 98 0 
130 4 651 668 393 348 4 1055 861 111 98 0 1051 765 116 104 0 612 757 110 98 0 
131 4 651 668 393 348 4 1055 861 111 98 0 1051 765 116 104 0 612 757 110 98 0 
132 4 651 668 393 348 4 1055 861 111 98 0 1051 765 116 104 0 612 757 110 98 0 
133 4 651 668 393 348 4 1055 861 111 98 0 1051 765 116 104 0 612 757 110 98 4 
134 4 651 668 393 348 4 1055 861 111 98 0 1051 765 116 104 0 612 757 110 98 0 
135 4 651 668 393 348 4 1055 861 111 98 0 1051 765 116 104 0 612 757 110 98 0 
136 4 651 668 393 348 4 1055 861 111 98 0 1051 765 116 104 0 612 757 110 98 0 
137 4 651 668 393 348 4 1055 861 111 98 0 1051 765 116 104 0 612 757 110 98 0 
138 4 651 668 393 348 4 1055 861 111 98 0 1051 765 116 104 0 612 757 110 98 0 
139 4 651 668 393 348 4 1055 861 111 98 0 1051 765 116 104 0 612 757 110 98 0 
140 4 651 668 393 348 4 1055 861 111 98 0 1051 765 116 104 0 612 757 110 98 0 
141 4 651 668 393 348 4 1053 861 116 102 0 1051 765 116 104 0 612 757 110 98 4 
142 3 651 668 393 348 4 1051 765 116 104 0 612 757 110 98 0 
143 3 651 668 412 365 4 1051 763 116 104 0 612 757 110 98 0 
144 3 641 660 412 365 4 1051 763 116 104 0 612 757 110 98 0 
145 3 641 660 412 365 4 1051 763 116 104 0 610 757 110 98 0 
146 3 641 660 412 365 4 1051 763 116 104 0 610 757 110 98 0 
147 3 641 660 412 365 4 1051 763 116 104 0 610 757 110 98 0 
148 3 641 660 412 365 4 1051 763 116 104 0 610 757 110 98 0 
149 2 641 660 412 365 4 610 757 110 98 0 
150 1 641 660 412 365 4 
151 1 641 660 412 365 4 
152 1 641 660 412 365 4 
153 1 641 660 412 365 4 
154 1 641 660 412 365 4 
155 1 641 660 412 365 4 
156 1 641 660 412 365 4 
157 1 641 660 412 365 4 
158 1 641 660 412 365 4 
159 1 641 660 412 365 4 
160 1 641 660 412 365 4 
161 1 641 660 412 365 4 
162 1 641 660 412 365 4 
163 1 641 660 412 365 4 
164 1 641 660 412 365 4 
165 1 641 660 412 365 4 
166 1 641 660 412 365 4 
167 1 641 660 412 365 4 
168 1 641 660 412 365 4 
169 1 641 660 412 365 4 
170 1 641 660 412 365 4 
171 1 641 660 412 365 4 
172 1 641 660 412 365 4 
173 1 641 660 412 365 4 
174 1 641 660 412 365 4 
175 1 641 660 412 365 4 
176 1 641 660 412 365 4 
177 1 641 660 412 365 4 
178 1 641 660 412 365 4 
179 1 641 660 412 365 4 
180 1 641 660 412 365 4 
181 1 641 660 412 365 4 
182 1 641 660 412 365 4 
183 1 641 660 412 365 4 
184 1 641 660 412 365 4 
185 1 641 660 412 365 4 
186 1 641 660 412 365 4 
187 1 641 660 412 365 4 
188 1 641 660 412 365 4 
189 1 641 660 412 365 4 
190 1 641 660 412 365 4 
191 1 641 660 412 365 4 
192 1 641 660 412 365 4 
193 1 641 660 412 365 4 
194 1 641 660 412 365 4 
195 1 641 660 412 365 4 
196 1 641 660 412 365 4 
197 1 641 660 412 365 4 
198 1 641 660 412 365 4 
199 1 641 660 412 365 4 
200 1 641 660 412 365 4 
201 1 641 660 412 365 4 
202 1 641 660 412 365 4 
203 1 641 660 412 365 4 
204 1 641 660 412 365 4 
205 1 641 660 412 365 4 
206 1 641 660 412 365 4 
207 1 641 660 412 365 4 
208 1 641 660 412 365 4 
209 1 641 660 412 365 4 
210 1 641 660 412 365 4 
211 1 641 660 412 365 4 
212 1 641 660 412 365 4 
213 1 641 660 412 365 4 
214 1 641 660 412 365 4 
215 1 641 660 412 365 4 
216 1 641 660 412 365 4 
217 1 641 660 412 365 0 
218 1 641 660 412 365 0 
219 1 641 660 412 365 0 
220 1 641 660 412 365 0 
221 1 641 660 412 365 0 
222 1 641 660 412 365 0 
223 1 641 660 412 365 0 
224 1 641 660 412 365 0 
225 1 641 660 412 365 0 
226 1 641 660 412 365 0 
227 1 641 660 412 365 0 
228 1 641 660 412 365 0 
229 2 641 660 412 365 0 1019 769 94 84 0 
230 2 641 660 412 365 0 1019 769 94 84 0 
231 2 641 660 412 365 0 1019 769 94 84 0 
232 2 641 660 412 365 0 1019 769 94 84 0 
233 2 641 660 412 365 0 1017 770 92 82 0 
234 2 641 660 412 365 0 1018 771 91 80 0 
235 2 641 660 412 365 0 1014 769 94 84 0 
236 2 641 660 412 365 0 1014 770 93 82 0 
237 2 641 656 412 365 0 1014 770 92 82 0 
238 2 641 656 412 365 0 1014 770 92 82 0 
239 2 641 656 412 365 0 1014 770 92 82 0 
240 2 641 656 412 365 0 1012 770 92 82 0 
241 2 641 656 412 365 0 1012 770 92 82 0 
242 2 641 656 412 365 0 1012 770 92 82 0 
243 2 641 656 412 365 0 1012 770 92 82 0 
244 2 641 656 412 365 0 1012 770 92 82 0 
245 2 641 656 412 365 0 1012 770 92 82 0 
246 2 641 656 412 365 0 1010 770 92 82 0 
247 2 641 656 393 348 0 1010 770 92 82 0 
248 2 651 664 393 348 0 1010 770 92 82 0 
249 2 651 664 393 348 0 1008 770 92 82 0 
250 2 651 664 393 348 0 1008 770 92 82 0 
251 2 651 664 393 348 0 1008 770 92 82 0 
252 2 651 664 393 348 0 1006 770 92 82 0 
253 2 651 664 393 348 0 1006 770 92 82 0 
254 3 651 664 393 348 0 1006 770 92 82 0 475 724 174 154 0 
255 3 651 664 393 348 0 477 723 174 154 0 1005 771 89 78 0 
256 3 651 664 393 348 0 479 723 174 154 0 1005 771 89 78 0 
257 3 651 664 393 348 0 481 723 174 154 0 1004 771 89 78 0 
258 3 651 660 393 348 0 481 723 174 154 0 1003 770 91 80 0 
259 3 651 663 393 348 0 483 723 174 154 0 1003 770 91 80 4 
260 3 651 663 393 348 0 485 725 165 146 0 1003 770 91 80 0 
261 3 651 663 393 348 0 493 729 165 146 0 1003 770 91 80 0 
262 3 651 663 393 348 0 494 729 165 146 0 1003 770 91 80 0 
263 3 651 663 374 331 0 497 729 165 146 0 1001 770 91 80 0 
264 3 663 672 374 331 0 498 729 165 146 0 1000 767 97 86 0 
265 3 663 672 374 331 0 501 729 165 146 0 994 769 95 84 0 
266 3 663 672 374 331 0 502 729 165 146 0 998 771 91 80 0 
267 3 663 672 374 331 0 505 729 165 146 0 993 768 96 86 0 
268 3 663 668 374 331 0 506 729 165 146 0 993 768 96 86 0 
269 3 663 668 374 331 0 507 729 165 146 0 993 768 96 86 0 
270 3 663 668 374 331 0 508 729 157 139 0 993 768 96 86 0 
271 3 663 668 374 331 0 515 733 157 139 0 993 768 96 86 0 
272 3 663 668 374 331 0 518 733 157 139 0 991 768 96 86 0 
273 3 663 668 356 316 0 519 733 157 139 0 991 768 96 86 0 
274 3 675 675 356 316 0 520 733 157 139 0 991 768 96 86 0 
275 3 675 675 356 316 0 523 733 157 139 0 991 768 96 86 0 
276 3 675 675 356 316 0 524 733 157 139 0 991 768 96 86 0 
277 3 675 675 339 300 0 525 733 157 139 0 991 768 96 86 0 
278 3 687 683 339 300 0 528 733 157 139 0 991 768 96 86 0 
279 3 687 679 339 300 0 529 733 157 139 0 991 768 96 86 0 
280 3 687 679 339 300 0 530 733 157 139 0 991 768 96 86 0 
281 3 687 679 339 300 0 991 768 96 86 0 544 737 143 126 0 
282 3 687 679 339 300 0 991 768 96 86 0 544 737 143 126 0 
283 3 687 679 339 300 0 991 768 96 86 0 546 737 143 126 0 
284 3 687 679 323 286 0 991 768 96 86 0 548 737 143 126 0 
285 3 695 686 323 286 0 991 768 96 86 0 548 737 136 120 0 
286 3 695 683 323 286 0 991 768 96 86 0 552 740 136 120 0 
287 3 695 683 323 286 0 991 768 96 86 0 555 740 136 120 0 
288 3 695 683 323 286 0 991 768 96 86 0 556 740 136 120 0 
289 3 695 683 323 286 0 991 768 96 86 0 557 740 136 120 0 
290 3 695 683 308 272 0 991 768 96 86 0 560 740 136 120 0 
291 3 704 690 308 272 0 991 768 96 86 0 561 740 136 120 0 
292 3 704 690 308 272 0 991 768 96 86 0 562 740 136 120 0 
293 3 704 687 308 272 0 991 768 96 86 0 565 740 136 120 0 
294 3 704 687 308 272 0 991 768 96 86 0 566 740 136 120 0 
295 3 704 687 308 272 0 991 768 96 86 0 567 740 136 120 0 
296 3 704 687 293 259 0 991 768 96 86 0 568 740 129 114 0 
297 3 712 694 293 259 0 991 768 96 86 0 575 743 129 114 0 
298 3 712 694 293 259 0 991 768 96 86 0 576 743 129 114 0 
299 3 712 691 293 259 0 991 768 96 86 0 577 743 129 114 0 
300 3 712 691 293 259 0 991 768 96 86 0 578 743 129 114 0 
301 3 712 691 293 259 0 991 768 96 86 0 579 743 129 114 0 
302 3 712 691 279 247 0 991 768 96 86 0 582 743 129 114 0 
303 3 721 697 279 247 0 991 768 96 86 0 583 743 129 114 0 
304 3 721 697 279 247 0 991 768 96 86 0 584 743 129 114 0 
305 3 721 697 279 247 0 991 768 96 86 0 585 743 129 114 0 
306 3 721 697 279 247 0 991 770 96 86 0 586 744 129 114 0 
307 3 721 697 279 247 0 991 770 96 86 0 587 744 129 114 0 
308 3 721 697 266 235 0 991 770 96 86 0 588 744 129 114 0 
309 3 727 703 266 235 0 991 770 96 86 0 589 745 129 114 0 
310 2 727 703 266 235 0 991 770 96 86 0 
311 2 727 703 266 235 0 991 772 96 86 0 
312 2 727 703 266 235 0 991 772 96 86 0 
313 2 727 703 266 235 0 991 772 96 86 0 
314 2 727 705 253 224 0 991 774 96 86 0 
315 2 734 710 253 224 0 991 774 96 86 0 
316 2 734 710 253 224 0 991 774 96 86 0 
317 2 734 710 253 224 0 991 774 96 86 0 
318 2 734 710 253 224 0 991 774 96 86 0 
319 2 734 710 253 224 0 991 776 96 86 0 
320 2 734 710 253 224 0 993 776 96 86 0 
321 2 993 776 96 86 0 752 747 201 178 0 
322 2 993 776 96 86 0 752 747 200 178 0 
323 2 993 776 96 86 0 753 748 198 176 0 
324 2 993 776 96 86 0 754 749 197 174 0 
325 2 995 776 96 86 0 755 748 194 172 0 
326 2 995 776 96 86 0 755 749 195 172 0 
327 2 995 776 96 86 0 756 748 194 172 0 
328 2 995 776 96 86 0 757 749 192 170 0 
329 2 995 776 96 86 0 760 750 186 166 0 
330 2 995 776 96 86 0 760 751 185 164 0 
331 2 997 776 96 86 0 762 752 183 162 0 
332 2 997 776 96 86 0 762 751 184 164 0 
333 2 997 776 96 86 0 763 752 183 162 0 
334 2 997 776 96 86 0 763 752 182 162 0 
335 2 997 776 96 86 0 764 753 181 160 0 
336 2 999 776 96 86 0 764 753 180 160 0 
337 2 999 776 96 86 0 765 754 179 158 0 
338 2 999 776 96 86 0 766 755 177 156 0 
339 2 999 776 96 86 0 766 755 177 156 0 
340 2 1001 776 96 86 0 767 755 176 156 0 
341 2 1001 776 96 86 0 768 756 174 154 0 
342 2 1001 776 96 86 0 768 756 174 154 0 
343 2 1001 776 96 86 0 768 756 174 154 0 
344 2 1001 776 96 86 0 768 756 174 154 0 
345 2 1001 776 96 86 0 768 756 174 154 0 
346 2 1001 776 96 86 0 773 759 165 146 0 
347 2 1003 776 96 86 0 773 759 165 146 0 
348 2 1003 776 96 86 0 774 760 164 146 0 
349 2 1003 776 91 81 0 774 760 164 146 0 
350 2 1006 779 91 81 0 774 760 164 146 0 
351 2 1007 779 91 81 0 774 760 156 139 0 
352 2 1008 779 91 81 0 779 764 156 139 0 
353 2 1009 779 91 81 0 779 764 156 139 0 
354 2 1009 779 87 78 0 779 764 156 139 0 
355 2 1012 780 87 78 0 779 764 156 139 0 
356 2 1013 780 82 74 0 781 763 156 138 0 
357 1 781 763 156 138 0 
358 1 784 765 151 134 0 
359 1 782 763 156 138 0 
360 1 786 766 149 132 0 
361 1 787 765 148 132 0 
362 1 787 765 149 132 0 
363 1 788 765 148 132 0 
364 1 788 765 148 132 0 
365 1 788 765 148 132 0 
366 1 788 765 148 132 0 
367 1 790 765 148 132 0 
368 1 792 766 144 128 0 
369 1 793 767 142 126 0 
370 1 793 767 143 126 0 
371 1 794 768 141 124 0 
372 1 794 768 141 124 0 
373 1 794 768 141 124 0 
374 1 796 768 141 124 0 
375 1 796 768 141 124 0 
376 1 796 768 141 124 0 
377 1 796 768 134 118 0 
378 1 800 771 134 118 0 
379 1 800 771 134 118 0 
380 1 800 771 134 118 0 
381 1 801 769 141 124 0 
382 1 798 766 134 118 0 
383 1 801 769 134 118 0 
384 1 802 769 134 118 0 
385 1 802 769 134 118 0 
386 1 803 769 134 118 0 
387 1 803 769 134 118 0 
388 1 803 769 134 118 0 
389 1 804 769 134 118 0 
390 1 804 769 134 118 0 
391 1 804 769 127 112 0 
392 1 809 770 134 118 0 
393 1 805 767 134 118 0 
394 1 805 767 127 112 0 
395 1 809 770 127 112 0 
396 1 810 770 127 112 0 
397 1 810 770 127 112 0 
398 1 810 770 127 112 0 
399 1 811 770 127 112 0 
400 1 811 770 127 112 0 
401 1 811 770 127 112 0 
402 1 811 770 127 112 0 
403 1 811 770 121 107 0 
404 1 815 773 121 107 0 
405 1 815 773 121 107 0 
406 1 815 771 121 107 0 
407 1 815 771 121 107 0 
408 1 816 771 121 107 0 
409 1 816 771 116 102 0 
410 1 818 773 116 102 0 
411 1 818 773 116 102 0 
412 1 818 773 116 102 0 
413 1 818 773 110 97 0 
414 1 822 776 116 102 0 
415 1 819 773 116 102 0 
416 1 819 773 116 102 0 
417 1 819 773 116 102 0 
418 1 819 773 110 97 0 
419 1 823 776 110 97 0 
420 1 823 776 110 97 0 
421 1 823 776 110 97 0 
422 1 823 776 110 97 0 
423 1 823 776 110 97 0 
424 1 824 774 116 102 0 
425 1 821 771 116 102 0 
426 1 821 771 110 97 0 
427 1 824 774 110 97 0 
428 1 824 774 110 97 0 
429 1 824 774 116 102 0 
430 1 821 771 116 102 0 
431 1 821 771 116 102 0 
432 1 821 771 116 102 0 
433 1 821 772 116 102 0 
434 1 821 772 116 102 0 
435 1 821 772 116 102 0 
436 1 821 772 116 102 0 
437 1 819 772 116 102 0 
438 1 820 772 116 102 0 
439 1 820 772 110 97 0 
440 1 823 773 116 102 0 
441 1 820 770 116 102 0 
442 1 820 770 116 102 0 
443 1 820 768 121 107 0 
444 1 816 766 116 102 0 
445 1 818 768 116 102 0 
446 1 818 768 116 102 0 
447 1 818 768 116 102 0 
448 1 818 769 116 102 0 
449 1 818 769 116 102 0 
450 1 818 769 116 102 0 
451 1 818 769 116 102 0 
452 1 816 770 116 102 0 
453 1 817 770 116 102 0 
454 1 817 770 116 102 0 
455 1 817 771 116 102 0 
456 1 817 771 116 102 0 
457 1 817 771 116 102 0 
458 1 815 771 116 102 0 
459 1 815 771 116 102 0 
460 1 815 771 116 102 0 
461 1 815 771 116 102 0 
462 1 815 769 116 102 0 
463 1 815 769 116 102 0 
464 1 815 769 116 102 0 
465 1 815 769 116 102 0 
466 1 813 769 116 102 0 
467 1 813 769 116 102 0 
468 1 813 769 116 102 0 
469 1 813 769 116 102 0 
470 1 813 769 116 102 0 
471 1 813 769 116 102 0 
472 1 813 769 116 102 0 
473 1 813 769 116 102 0 
474 1 813 770 116 102 0 
475 1 811 770 116 102 0 
476 1 811 770 116 102 0 
477 1 811 771 116 102 0 
478 1 811 771 116 102 0 
479 1 811 772 116 102 0 
480 1 811 773 116 102 0 
481 1 811 773 116 102 0 
482 1 811 774 116 102 0 
483 1 811 777 116 102 0 
484 1 811 777 116 102 0 
485 1 811 777 116 102 0 
486 1 811 778 116 102 0 
487 1 811 778 116 102 0 
488 1 811 778 116 102 0 
489 1 809 778 116 102 0 
490 1 809 778 116 102 0 
491 1 809 778 116 102 0 
492 1 809 776 116 102 0 
493 1 809 776 116 102 0 
494 1 809 776 116 102 0 
495 1 809 774 116 102 0 
496 1 809 774 116 102 0 
497 1 809 774 116 102 0 
498 1 809 774 116 102 0 
499 1 809 772 116 102 0 
500 1 809 772 116 102 0 
501 2 809 772 116 102 0 1071 793 97 86 0 
502 2 810 772 116 102 0 1075 793 97 86 0 
503 2 810 772 116 102 0 1078 792 99 88 0 
504 2 811 770 116 102 0 1079 790 104 92 0 
505 2 811 770 116 102 0 1083 789 104 92 0 
506 2 812 768 116 102 0 1086 787 106 94 0 
507 2 812 768 116 102 0 1091 788 105 92 0 
508 2 812 768 121 107 0 1094 786 107 94 0 
509 2 810 766 121 107 0 1099 785 106 94 0 
510 2 811 764 121 107 0 1103 785 106 94 0 
511 2 811 764 121 107 0 1107 783 106 94 0 
512 2 811 764 121 107 0 1113 783 111 98 0 
513 2 812 762 121 107 0 1115 781 111 98 0 
514 2 812 762 121 107 0 1121 781 111 98 0 
515 2 812 762 121 107 0 1127 781 111 98 0 
516 2 813 760 121 107 0 1131 778 116 103 0 
517 2 813 760 121 107 0 1134 776 116 103 0 
518 2 814 760 121 107 0 1140 776 122 108 0 
519 2 814 760 121 107 0 1141 773 128 114 0 
520 2 814 760 121 107 0 1145 770 128 114 0 
521 2 815 760 121 107 0 1154 772 127 112 0 
522 2 815 760 121 107 0 1160 771 128 114 0 
523 2 815 760 121 107 0 1167 772 129 114 0 
524 2 816 760 121 107 0 1173 771 131 116 0 
525 2 816 760 121 107 0 1179 770 133 118 3 
526 2 817 760 121 107 0 1187 770 134 120 3 
527 2 817 760 121 107 0 1192 770 140 124 0 
528 2 817 760 121 107 0 1200 770 141 124 0 
529 2 818 760 121 107 0 1207 769 142 126 3 
530 2 818 761 121 107 0 1215 771 142 126 3 
531 2 818 761 121 107 0 1225 771 142 126 3 
532 2 819 761 121 107 0 1235 771 149 132 3 
533 2 819 761 121 107 0 1242 770 149 132 3 
534 2 819 762 121 107 0 1252 770 149 132 3 
535 2 820 762 121 107 0 1264 770 149 132 3 
536 2 820 762 121 107 0 1274 770 156 138 3 
537 1 821 762 121 107 0 
538 1 821 762 121 107 0 
539 1 822 762 121 107 0 
540 1 822 760 121 107 0 
541 1 823 760 121 107 0 
542 1 823 760 121 107 0 
543 1 824 760 121 107 0 
544 1 824 758 121 107 0 
545 1 824 758 121 107 0 
546 1 824 756 121 107 0 
547 1 824 756 121 107 0 
548 1 825 754 121 107 0 
549 1 825 752 121 107 0 
550 1 825 752 121 107 0 
551 1 825 750 121 107 0 
552 1 825 748 121 107 0 
553 1 825 748 121 107 0 
554 1 825 746 121 107 0 
555 1 825 744 121 107 0 
556 1 825 744 121 107 0 
557 1 825 744 121 107 0 
558 1 825 742 121 107 0 
559 1 826 742 121 107 0 
560 1 826 742 121 107 0 
561 1 826 740 121 107 0 
562 1 826 740 121 107 0 
563 1 826 740 121 107 0 
564 1 826 740 121 107 0 
565 1 826 740 121 107 0 
566 1 826 740 121 107 0 
567 1 827 740 121 107 0 
568 1 827 740 121 107 0 
569 1 827 740 121 107 0 
570 1 827 741 121 107 0 
571 1 827 742 121 107 0 
572 1 827 742 121 107 0 
573 1 827 742 121 107 0 
574 1 827 742 121 107 0 
575 1 827 742 121 107 0 
576 1 827 742 121 107 0 
577 1 827 742 121 107 0 
578 1 827 742 121 107 0 
579 1 828 742 121 107 0 
580 1 839 761 98 88 0 
581 1 839 761 98 88 0 
582 1 839 762 98 88 0 
583 1 839 761 98 88 0 
584 1 840 764 97 86 0 
585 1 840 764 97 86 0 
586 1 840 766 97 86 0 
587 1 840 766 97 86 4 
588 1 840 766 97 86 0 
589 1 841 766 98 88 0 
590 1 842 766 97 86 0 
591 1 842 765 98 88 0 
592 1 842 765 98 88 0 
593 1 842 765 99 88 0 
594 1 842 765 98 88 0 
595 1 843 765 97 86 0 
596 1 843 764 98 88 0 
597 1 843 764 98 88 0 
598 1 843 764 98 88 0 
599 1 843 762 98 88 0 
600 1 844 763 98 88 0 
601 1 844 764 99 88 0 
602 1 844 764 99 88 0 
603 1 845 764 98 88 0 
604 1 846 766 99 88 0 
605 1 846 766 99 88 4 
606 1 846 765 98 88 4 
607 1 846 765 98 88 0 
608 1 846 765 98 88 0 
609 1 846 765 98 88 0 
610 1 847 767 98 88 0 
611 1 847 767 98 88 0 
612 1 847 767 98 88 0 
613 1 847 767 98 88 0 
614 1 846 767 99 88 0 
615 1 846 767 99 88 0 
616 1 846 767 99 88 0 
617 1 846 767 99 88 0 
618 1 846 767 99 88 0 
619 1 845 766 99 88 0 
620 1 845 765 98 88 0 
621 1 845 765 98 88 0 
622 1 845 764 98 88 0 
623 1 845 764 97 86 4 
624 1 845 764 98 88 4 
625 1 843 763 99 88 0 
626 1 843 763 99 88 0 
627 1 843 763 99 88 0 
628 1 843 765 94 83 0 
629 1 843 768 99 88 0 
630 1 841 765 99 88 0 
631 1 841 765 99 88 0 
632 1 841 767 99 88 0 
633 1 841 767 99 88 0 
634 1 839 767 99 88 0 
635 1 839 767 99 88 0 
636 1 839 767 99 88 0 
637 1 836 765 104 92 0 
638 1 838 767 99 88 0 
639 1 838 767 99 88 0 
640 1 838 767 98 88 0 
641 1 835 765 104 92 0 
642 1 835 765 104 92 4 
643 1 837 768 99 88 0 
644 1 834 765 105 92 0 
645 1 838 767 98 88 0 
646 1 838 768 97 86 0 
647 1 837 766 98 88 0 
648 1 837 765 98 88 0 
649 1 833 763 104 92 0 
650 1 833 763 104 92 4 
651 1 836 765 98 88 0 
652 1 836 765 98 88 0 
653 1 835 766 99 88 0 
654 1 835 766 99 88 0 
655 1 831 764 104 92 0 
656 1 831 766 104 92 0 
657 1 831 766 104 92 0 
658 1 831 766 104 92 0 
659 1 831 768 104 92 0 
660 1 833 770 98 88 0 
661 1 833 771 99 88 0 
662 1 833 772 97 86 0 
663 1 833 772 97 86 0 
664 1 833 770 97 86 0 
665 1 833 770 97 86 0 
666 1 831 768 97 86 0 
667 1 830 766 99 88 0 
668 1 827 764 104 92 0 
669 1 826 764 105 92 4 
670 1 826 763 105 92 4 
671 1 825 763 106 94 0 
672 1 825 764 105 92 0 
673 1 824 764 105 92 0 
674 1 824 764 105 92 0 
675 1 824 765 105 92 0 
676 1 824 765 105 92 4 
677 1 824 764 106 94 4 
678 1 825 766 104 92 4 
679 1 824 765 106 94 4 
680 1 824 764 106 94 0 
681 1 825 766 104 92 0 
682 1 825 765 105 92 0 
683 1 824 765 106 94 0 
684 1 824 765 106 94 0 
685 1 824 763 106 94 0 
686 1 824 763 106 94 0 
687 1 824 764 105 92 0 
688 1 824 765 105 92 0 
689 1 825 766 105 92 0 
690 1 824 764 106 94 0 
691 1 825 766 105 92 0 
692 1 825 768 105 92 0 
693 1 824 769 104 92 0 
694 1 824 768 105 92 0 
695 1 824 768 105 92 0 
696 1 824 768 105 92 0 
697 1 824 768 105 92 0 
698 1 824 766 105 92 0 
699 1 825 766 104 92 0 
700 1 824 765 105 92 0 
701 1 825 765 104 92 0 
702 1 825 766 105 92 0 
703 1 825 766 105 92 0 
704 1 825 766 105 92 0 
705 1 825 766 105 92 0 
706 1 826 767 104 92 0 
707 1 825 766 105 92 0 
708 1 825 766 105 92 0 
709 1 825 766 105 92 0 
710 1 825 766 105 92 0 
711 1 825 766 105 92 0 
712 1 825 766 105 92 0 
713 1 825 764 105 92 0 
714 1 825 764 105 92 0 
715 1 825 764 105 92 0 
716 1 827 764 105 92 0 
717 1 827 764 105 92 0 
718 1 827 764 105 92 0 
719 1 827 764 105 92 0 
720 1 827 762 105 92 0 
721 1 827 762 105 92 0 
722 1 827 762 105 92 0 
723 1 827 762 105 92 0 
724 1 827 762 105 92 0 
725 1 827 764 105 92 0 
726 1 826 764 104 92 0 
727 1 829 767 99 88 0 
728 1 826 765 104 92 0 
729 1 826 766 105 92 0 
730 1 826 766 104 92 0 
731 1 826 765 104 92 0 
732 1 826 766 104 92 0 
733 1 826 766 104 92 0 
734 1 826 766 104 92 0 
735 1 829 769 98 88 0 
736 1 829 767 98 88 0 
737 1 829 769 98 88 0 
738 1 829 767 98 88 0 
739 1 829 767 98 88 0 
740 1 829 767 98 88 0 
741 1 829 765 98 88 0 
742 1 827 763 104 92 0 
743 1 827 763 104 92 0 
744 1 827 761 104 92 0 
745 1 827 761 104 92 0 
746 1 827 761 104 92 0 
747 1 827 759 104 92 0 
748 1 827 761 104 92 0 
749 1 829 761 104 92 0 
750 1 829 761 104 92 0 
751 1 829 761 104 92 0 
752 1 829 761 104 92 0 
753 1 829 761 104 92 0 
754 1 829 761 104 92 0 
755 1 829 761 104 92 0 
756 1 829 763 104 92 0 
757 1 831 763 104 92 0 
758 1 831 763 104 92 0 
759 1 831 763 104 92 0 
760 1 831 763 104 92 0 
761 1 831 763 104 92 0 
762 1 831 763 104 92 0 
763 1 831 763 104 92 0 
764 1 831 763 104 92 0 
765 1 831 765 104 92 0 
766 1 831 765 104 92 0 
767 1 831 765 104 92 0 
768 1 831 767 104 92 0 
769 1 831 767 104 92 0 
770 1 831 769 104 92 0 
771 1 831 769 104 92 0 
772 1 831 769 104 92 0 
773 1 831 769 104 92 0 
774 1 831 769 104 92 0 
775 1 831 769 104 92 0 
776 1 831 767 104 92 0 
777 1 831 767 104 92 0 
778 1 831 765 104 92 0 
779 1 831 765 104 92 0 
780 1 831 763 104 92 0 
781 1 831 765 104 92 0 
782 1 831 765 104 92 0 
783 1 831 765 104 92 0 
784 1 831 765 104 92 0 
785 1 831 765 104 92 0 
786 1 831 765 104 92 0 
787 1 831 765 104 92 0 
788 1 831 765 104 92 0 
789 1 831 765 104 92 0 
790 1 831 765 104 92 0 
791 1 831 765 104 92 0 
792 2 831 765 104 92 0 1107 742 114 102 0 
793 2 831 765 104 92 0 1111 740 116 104 4 
794 2 829 765 104 92 0 1115 739 117 104 4 
795 2 829 765 104 92 0 1116 738 123 108 4 
796 2 829 765 104 92 0 1121 736 124 110 4 
797 2 829 765 104 92 0 1126 735 125 110 4 
798 2 829 765 104 92 0 1132 737 125 110 4 
799 2 829 767 104 92 0 1136 737 125 110 4 
800 2 829 767 104 92 0 1142 737 131 115 0 
801 2 829 769 104 92 0 1146 737 133 118 0 
802 2 829 769 104 92 0 1150 733 139 122 0 
803 2 829 769 104 92 0 1156 733 141 124 0 
804 2 829 771 104 92 0 1162 733 144 128 4 
805 2 829 769 104 92 0 1169 730 146 130 4 
806 2 829 769 104 92 0 1176 728 147 130 4 
807 2 829 769 104 92 0 1183 727 150 134 4 
808 2 829 769 104 92 0 1189 723 156 138 4 
809 2 829 767 104 92 0 1197 720 157 138 4 
810 2 829 769 104 92 0 1208 723 151 134 4 
811 2 829 769 104 92 0 1216 723 151 134 0 
812 2 829 767 104 92 0 1226 721 158 140 0 
813 2 829 769 104 92 0 1232 718 158 140 0 
814 2 829 769 104 92 0 1244 715 151 134 0 
815 2 829 767 104 92 0 1256 716 151 134 0 
816 2 829 767 109 96 0 1268 714 151 134 0 
817 2 827 765 109 96 0 1280 712 151 134 0 
818 1 827 762 109 96 0 
819 1 827 762 109 96 0 
820 1 824 764 109 96 0 
821 1 826 764 109 96 0 
822 1 826 764 109 96 0 
823 1 826 764 109 96 0 
824 1 826 766 109 96 0 
825 1 826 766 109 96 0 
826 1 826 766 109 96 0 
827 1 826 766 109 96 0 
828 1 826 766 109 96 0 
829 1 826 766 109 96 0 
830 1 826 766 109 96 0 
831 1 823 766 109 96 0 
832 1 825 763 109 96 0 
833 1 825 763 109 96 0 
834 1 825 763 109 96 0 
835 1 825 763 109 96 0 
836 1 825 763 109 96 0 
837 1 825 763 109 96 0 
838 1 825 763 109 96 0 
839 1 825 763 114 101 0 
840 1 822 763 114 101 0 
841 1 822 763 109 96 0 
842 1 825 765 114 101 0 
843 1 822 765 109 96 0 
844 1 825 764 114 101 0 
845 1 822 764 114 101 0 
846 1 822 764 114 101 0 
847 1 822 764 114 101 0 
848 1 822 764 114 101 0 
849 1 819 764 114 101 0 
850 1 818 762 117 104 0 
851 1 818 762 117 104 0 
852 1 818 760 117 104 0 
853 1 818 760 117 104 4 
854 1 818 760 117 104 0 
855 1 818 760 117 104 0 
856 1 818 760 117 104 0 
857 1 818 758 122 109 0 
858 1 815 758 117 104 4 
859 1 818 758 122 109 4 
860 1 815 758 117 104 0 
861 1 818 760 117 104 0 
862 1 818 758 122 109 0 
863 1 815 758 122 109 0 
864 1 815 758 122 109 0 
865 1 815 758 122 109 0 
866 1 815 758 122 109 0 
867 1 815 758 122 109 0 
868 1 815 760 122 109 0 
869 1 812 757 135 120 0 
870 1 808 753 128 114 0 
871 1 811 756 128 114 0 
872 1 811 756 128 114 0 
873 1 811 756 128 114 0 
874 1 812 756 127 112 0 
875 1 812 756 127 112 0 
876 1 812 756 127 112 0 
877 1 812 754 133 117 0 
878 1 809 754 127 112 0 
879 1 812 754 133 117 0 
880 1 812 755 128 114 0 
881 1 813 756 127 112 0 
882 1 812 756 127 112 0 
883 1 812 756 129 114 0 
884 1 812 755 129 114 4 
885 1 812 757 129 114 0 
886 1 812 757 129 114 0 
887 1 813 757 128 114 0 
888 1 812 759 129 114 0 
889 1 812 759 129 114 0 
890 1 812 758 130 116 0 
891 1 812 758 130 116 0 
892 1 812 758 130 116 0 
893 1 812 758 130 116 0 
894 1 812 758 130 116 0 
895 1 812 756 130 116 0 
896 1 811 756 131 116 0 
897 1 812 755 130 116 0 
898 1 812 755 130 116 0 
899 1 811 754 131 116 0 
900 1 811 753 131 116 0 
901 1 811 753 130 116 0 
902 1 811 753 130 116 0 
903 1 811 752 130 116 0 
904 1 811 752 130 116 0 
905 1 811 752 130 116 0 
906 1 811 752 130 116 0 
907 1 810 752 131 116 0 
908 1 810 751 131 116 0 
909 1 809 750 132 118 0 
910 1 809 750 132 118 0 
911 1 809 748 132 118 0 
912 1 809 750 132 118 0 
913 1 807 748 138 123 0 
914 1 806 746 132 118 0 
915 1 807 748 132 118 0 
916 1 807 748 132 118 0 
917 1 807 750 132 118 0 
918 1 807 750 132 118 0 
919 1 807 750 132 118 0 
920 1 807 752 132 118 0 
921 1 807 754 132 118 0 
922 1 805 752 138 123 0 
923 1 802 752 132 118 0 
924 1 805 752 138 123 0 
925 1 802 750 138 123 0 
926 1 802 750 132 118 0 
927 1 803 750 138 123 0 
928 1 800 748 138 123 0 
929 1 800 748 138 123 0 
930 1 800 748 138 123 0 
931 1 800 748 138 123 0 
932 1 797 748 138 123 0 
933 1 797 748 138 123 0 
934 1 797 750 138 123 0 
935 1 797 750 132 118 0 
936 1 798 752 138 123 0 
937 1 795 750 138 123 0 
938 1 795 752 138 123 0 
939 1 795 752 138 123 0 
940 1 795 752 138 123 0 
941 1 792 754 138 123 0 
942 1 792 754 138 123 0 
943 1 792 754 138 123 0 
944 1 792 754 138 123 0 
945 1 792 751 138 123 0 
946 1 792 751 138 123 0 
947 1 789 751 138 123 0 
948 1 789 748 145 130 0 
949 1 788 746 138 123 0 
950 1 788 750 138 123 0 
951 1 790 747 145 130 0 
952 1 787 745 145 130 0 
953 1 787 747 145 130 0 
954 1 787 747 145 130 0 
955 1 787 749 145 130 0 
956 1 787 749 145 130 0 
957 1 787 749 145 130 0 
958 1 787 749 145 130 0 
959 1 787 749 145 130 0 
960 1 787 746 138 123 0 
961 1 792 750 138 123 0 
962 1 792 747 132 118 0 
963 1 795 749 132 118 0 
964 1 797 747 125 112 0 
965 1 801 748 125 112 0 
966 1 801 748 125 112 0 
967 1 801 746 125 112 0 
968 1 801 746 125 112 0 
969 1 802 744 119 107 0 
970 1 805 745 119 107 0 
971 1 805 746 114 101 0 
972 1 808 747 108 97 0 
973 1 811 747 103 92 0 
974 1 815 750 98 88 0 
975 1 817 752 98 88 0 
976 1 818 752 93 83 0 
977 1 822 755 89 79 0 
978 1 824 758 89 79 0 
979 1 825 758 85 76 0 
980 1 828 759 85 76 0 
981 1 829 759 81 72 0 
982 0 
983 0 
984 0 
985 0 
986 0 
987 0 
988 0 
989 0 
990 0 
991 0 
992 0 
993 0 
994 0 
995 0 
996 0 
997 1 742 742 146 130 0 
998 1 742 742 146 130 0 
999 1 742 742 146 130 0 
1000 1 740 742 146 130 0 
1001 1 740 744 153 136 0 
1002 1 734 743 153 136 0 
1003 1 734 745 153 136 0 
1004 1 734 749 146 130 0 
1005 1 735 756 146 130 0 
1006 1 733 758 153 136 0 
1007 1 730 757 153 136 0 
1008 1 727 759 153 136 0 
1009 1 727 761 146 130 0 
1010 1 728 764 146 130 0 
1011 1 725 762 150 134 0 
1012 1 723 762 150 134 0 
1013 1 723 760 150 134 0 
1014 1 721 758 150 134 0 
1015 1 819 662 142 127 0 
1016 1 826 666 136 121 0 
1017 1 832 667 136 121 0 
1018 1 837 667 129 115 0 
1019 1 846 670 123 110 0 
1020 1 852 672 123 110 0 
1021 1 856 670 129 115 0 
1022 1 856 668 129 115 0 
1023 1 861 668 129 115 0 
1024 1 866 666 129 115 0 
1025 1 871 667 129 115 0 
1026 1 876 667 129 115 0 
1027 1 881 663 129 115 0 
1028 1 886 664 129 115 0 
1029 1 891 662 129 115 0 
1030 1 896 660 136 121 0 
1031 1 897 655 142 127 0 
1032 1 899 650 142 127 0 
1033 1 904 650 142 127 0 
1034 1 911 650 142 127 0 
1035 1 918 648 142 127 0 
1036 1 923 648 142 127 0 
1037 1 930 648 142 127 0 
1038 1 937 646 142 127 0 
1039 1 946 640 142 127 0 
1040 0 
1041 0 
1042 0 
1043 0 
1044 0 
1045 0 
1046 0 
1047 0 
1048 0 
1049 0 
1050 0 
1051 0 
1052 0 
1053 0 
1054 0 
1055 0 
1056 0 
1057 0 
1058 0 
1059 0 
1060 0 
1061 0 
1062 0 
1063 0 
1064 0 
1065 0 
1066 0 
1067 0 
1068 0 
1069 0 
1070 0 
1071 0 
1072 1 698 740 183 162 0 
1073 1 700 740 183 162 0 
1074 1 702 740 183 162 0 
1075 1 706 740 183 162 0 
1076 1 708 740 183 162 0 
1077 1 710 740 183 162 0 
1078 1 714 740 183 162 0 
1079 1 716 738 192 170 0 
1080 1 715 736 183 162 0 
1081 1 722 740 183 162 0 
1082 1 724 740 183 162 0 
1083 1 726 740 183 162 0 
1084 1 728 740 183 162 0 
1085 1 732 740 192 170 0 
1086 1 729 736 192 170 0 
1087 1 731 736 192 170 0 
1088 1 733 736 192 170 0 
1089 1 735 736 192 170 0 
1090 1 739 738 192 170 0 
1091 1 741 738 183 162 0 
1092 1 748 742 192 170 0 
1093 1 745 738 192 170 0 
1094 1 747 738 192 170 0 
1095 1 751 738 192 170 0 
1096 1 753 738 192 170 0 
1097 1 755 738 192 170 0 
1098 1 757 738 192 170 0 
1099 1 759 735 192 170 0 
1100 1 745 739 192 170 0 
1101 1 746 738 192 170 0 
1102 1 748 737 191 168 0 
1103 1 748 735 192 170 0 
1104 1 753 736 186 166 0 
1105 1 750 732 192 170 0 
1106 1 755 733 186 166 0 
1107 1 756 733 186 166 0 
1108 1 754 732 191 168 0 
1109 1 756 732 191 168 0 
1110 1 757 732 192 170 0 
1111 1 758 736 191 168 0 
1112 1 762 739 186 166 0 
1113 1 765 744 185 164 0 
1114 1 765 745 186 166 0 
1115 1 766 748 186 166 0 
1116 1 768 752 185 164 0 
1117 1 769 752 186 166 0 
1118 1 771 754 185 164 0 
1119 1 771 754 185 164 0 
1120 1 772 755 185 164 0 
1121 1 774 754 184 164 0 
1122 1 775 754 185 164 0 
1123 1 776 754 183 162 0 
1124 1 778 753 183 162 0 
1125 1 779 751 183 162 0 
1126 1 780 750 183 162 0 
1127 1 781 748 183 162 0 
1128 1 783 746 182 162 0 
1129 1 783 746 183 162 0 
1130 1 786 745 181 160 0 
1131 1 787 744 180 160 0 
1132 1 787 742 181 160 0 
1133 1 788 742 181 160 0 
1134 1 788 740 182 162 0 
1135 1 790 741 181 160 0 
1136 1 790 740 182 162 0 
1137 1 792 741 180 160 0 
1138 1 793 742 180 160 0 
1139 1 794 742 180 160 0 
1140 1 796 743 179 158 0 
1141 1 797 742 180 160 0 
1142 1 798 743 179 158 0 
1143 1 799 742 178 158 0 
1144 1 801 741 178 158 0 
1145 1 802 740 178 158 0 
1146 1 803 738 178 158 0 
1147 1 804 736 178 158 0 
1148 1 805 734 178 158 0 
1149 1 806 734 177 156 0 
1150 1 807 733 177 156 0 
1151 1 808 732 176 156 0 
1152 1 811 734 174 154 0 
1153 1 811 733 174 154 0 
1154 1 811 735 175 154 0 
1155 1 813 737 174 154 0 
1156 1 813 738 175 154 0 
1157 1 814 739 174 154 0 
1158 1 817 742 169 150 0 
1159 1 818 743 169 150 0 
1160 1 817 742 174 154 0 
1161 1 820 744 169 150 0 
1162 1 822 745 168 150 0 
1163 1 822 746 169 150 0 
1164 1 823 746 169 150 0 
1165 1 825 747 168 150 0 
1166 1 826 749 167 148 0 
1167 1 827 750 167 148 0 
1168 1 828 751 167 148 0 
1169 1 829 751 167 148 0 
1170 1 829 751 168 150 0 
1171 1 830 753 167 148 0 
1172 1 831 753 167 148 0 
1173 1 832 753 167 148 0 
1174 1 833 755 167 148 0 
1175 1 835 755 166 148 0 
1176 1 834 755 167 148 0 
1177 1 835 755 167 148 0 
1178 1 837 755 165 146 0 
1179 1 837 753 166 148 0 
1180 1 837 753 165 146 0 
1181 1 837 751 166 148 0 
1182 1 837 749 166 148 0 
1183 1 838 749 165 146 0 
1184 1 838 748 165 146 0 
1185 1 838 747 165 146 0 
1186 1 839 747 164 146 0 
1187 1 838 745 166 148 0 
1188 1 838 745 166 148 0 
1189 1 840 746 164 146 0 
1190 1 839 747 165 146 0 
1191 1 840 747 164 146 0 
1192 1 840 748 164 146 0 
1193 1 840 748 165 146 0 
1194 1 841 750 164 146 0 
1195 1 841 750 164 146 0 
1196 1 842 751 162 144 0 
1197 1 842 752 163 144 0 
1198 1 842 753 164 146 0 
1199 1 842 754 164 146 0 
1200 1 842 754 164 146 0 
1201 1 843 757 163 144 0 
1202 1 843 758 163 144 0 
1203 1 843 757 164 146 0 
1204 1 843 758 164 146 0 
1205 1 844 758 164 146 0 
1206 1 844 759 164 146 0 
1207 1 844 759 164 146 0 
1208 1 844 758 165 146 0 
1209 1 844 757 165 146 0 
1210 1 845 756 164 146 0 
1211 1 845 754 164 146 0 
1212 1 845 753 164 146 0 
1213 1 846 753 163 144 0 
1214 1 846 752 164 146 0 
1215 1 847 751 163 144 0 
1216 1 847 751 163 144 0 
1217 1 846 750 165 146 0 
1218 1 846 750 165 146 0 
1219 1 846 750 165 146 0 
1220 1 847 750 164 146 0 
1221 1 847 750 164 146 0 
1222 1 847 750 164 146 0 
1223 1 847 752 164 146 0 
1224 1 849 754 163 144 0 
1225 1 848 753 163 144 0 
1226 1 849 751 164 146 0 
1227 1 849 751 164 146 0 
1228 1 848 750 165 146 0 
1229 1 849 749 165 146 0 
1230 1 849 747 165 146 0 
1231 1 849 746 165 146 0 
1232 1 849 744 166 148 0 
1233 1 850 745 165 146 0 
1234 1 850 744 164 146 0 
1235 1 851 744 165 146 0 
1236 1 850 743 167 148 0 
1237 1 852 745 165 146 0 
1238 1 852 745 165 146 0 
1239 1 852 744 165 146 0 
1240 1 853 744 165 146 0 
1241 1 853 745 165 146 0 
1242 1 853 743 166 148 0 
1243 1 853 745 165 146 0 
1244 1 853 745 166 148 0 
1245 1 853 745 166 148 0 
1246 1 853 746 166 148 0 
1247 1 853 748 165 146 0 
1248 1 852 747 167 148 0 
1249 1 852 747 166 148 0 
1250 1 852 748 167 148 0 
1251 1 852 747 167 148 0 
1252 1 852 746 167 148 0 
1253 1 852 746 166 148 0 
1254 1 852 746 166 148 0 
1255 1 852 745 167 148 4 
1256 1 851 744 168 150 0 
1257 1 851 744 168 150 0 
1258 1 851 745 167 148 0 
1259 1 850 745 168 150 0 
1260 1 851 748 167 148 0 
1261 1 850 747 168 150 0 
1262 1 849 749 169 150 0 
1263 1 851 750 167 148 0 
1264 1 851 750 167 148 0 
1265 1 849 750 169 150 0 
1266 1 849 750 169 150 0 
1267 1 849 750 169 150 4 
1268 1 848 750 169 150 4 
1269 1 848 748 169 150 4 
1270 1 848 748 169 150 4 
1271 1 848 747 169 150 4 
1272 1 848 746 169 150 4 
1273 1 845 744 174 154 0 
1274 1 844 742 174 154 0 
1275 1 844 742 175 154 0 
1276 1 844 741 175 154 0 
1277 1 844 740 175 154 4 
1278 1 843 740 175 154 4 
1279 1 843 740 174 154 4 
1280 1 843 739 174 154 4 
1281 1 843 738 174 154 4 
1282 1 842 738 175 154 4 
1283 1 842 738 174 154 4 
1284 1 845 740 169 150 4 
1285 1 841 739 175 154 4 
1286 1 841 740 174 154 4 
1287 1 840 741 175 154 4 
1288 1 840 741 175 154 0 
1289 1 840 742 174 154 0 
1290 1 840 742 175 154 4 
1291 1 843 745 169 150 0 
1292 1 843 744 169 150 0 
1293 1 843 744 169 150 0 
1294 1 842 743 168 150 0 
1295 1 842 743 168 150 0 
1296 1 838 740 175 154 0 
1297 1 837 739 175 154 0 
1298 1 837 740 175 154 4 
1299 1 836 740 175 154 0 
1300 1 836 741 174 154 0 
1301 1 838 744 169 150 0 
1302 1 836 742 175 154 0 
1303 1 835 744 175 154 0 
1304 1 835 744 175 154 0 
1305 1 834 746 175 154 0 
1306 1 834 746 175 154 0 
1307 1 834 746 174 154 0 
1308 1 836 749 168 150 0 
1309 1 834 747 174 154 0 
1310 1 837 748 168 150 0 
1311 1 837 750 167 148 0 
1312 1 833 746 174 154 0 
1313 1 835 747 169 150 0 
1314 1 835 749 167 148 0 
1315 1 835 748 167 148 0 
1316 1 833 748 169 150 0 
1317 1 834 749 166 148 0 
1318 1 833 750 167 148 0 
1319 1 833 751 169 150 0 
1320 1 833 755 167 148 0 
1321 1 831 755 168 150 0 
1322 1 829 755 174 154 0 
1323 1 828 754 174 154 0 
1324 1 830 756 169 150 0 
1325 1 830 756 169 150 0 
1326 1 830 756 169 150 0 
1327 1 830 754 169 150 0 
1328 1 829 754 168 150 0 
1329 1 828 754 168 150 0 
1330 1 829 756 166 148 0 
1331 1 827 754 168 150 0 
1332 1 827 755 167 148 0 
1333 1 826 755 167 148 0 
1334 1 827 755 166 148 0 
1335 1 827 754 166 148 0 
1336 1 826 754 166 148 0 
1337 1 826 754 165 146 0 
1338 1 825 753 166 148 0 
1339 1 825 754 165 146 0 
1340 1 823 752 167 148 0 
1341 1 822 752 167 148 0 
1342 1 823 752 165 146 0 
1343 1 822 751 166 148 0 
1344 1 821 752 166 148 0 
1345 1 821 753 165 146 0 
1346 1 819 752 166 148 0 
1347 1 818 752 167 148 0 
1348 1 818 752 166 148 0 
1349 1 817 753 166 148 0 
1350 1 816 754 166 148 0 
1351 1 816 754 166 148 0 
1352 1 816 754 166 148 0 
1353 1 816 752 174 155 0 
1354 1 809 749 166 148 0 
1355 1 816 754 163 144 0 
1356 1 812 751 166 148 0 
1357 1 812 749 174 155 0 
1358 1 805 746 166 148 0 
1359 1 811 747 174 155 0 
1360 1 807 744 174 155 0 
1361 1 804 744 174 155 0 
1362 1 806 744 183 163 0 
1363 1 802 742 174 155 0 
1364 1 806 746 183 163 0 
1365 1 799 744 174 155 0 
1366 1 805 748 183 163 0 
1367 1 798 746 183 163 0 
1368 1 800 746 183 163 0 
1369 1 800 746 183 163 0 
1370 1 800 746 183 163 0 
1371 1 800 746 183 163 0 
1372 1 797 743 192 171 0 
1373 1 792 739 192 171 0 
1374 1 792 739 183 163 0 
1375 1 797 743 183 163 0 
1376 1 797 740 192 171 0 
1377 1 792 736 183 163 0 
1378 1 797 737 192 171 0 
1379 1 792 733 192 171 0 
1380 1 792 733 183 163 0 
1381 1 797 734 201 179 0 
1382 1 788 728 192 171 0 
1383 1 792 732 192 171 0 
1384 1 792 732 192 171 0 
1385 0 
1386 0 
1387 1 790 751 164 146 0 
1388 1 790 751 164 146 0 
1389 1 790 751 164 146 0 
1390 1 790 749 164 146 0 
1391 1 790 749 164 146 0 
1392 1 790 747 164 146 0 
1393 1 790 745 164 146 0 
1394 1 790 745 164 146 0 
1395 1 790 743 164 146 0 
1396 1 790 743 164 146 0 
1397 1 790 743 156 139 0 
1398 1 794 745 164 146 0 
1399 1 792 743 164 146 0 
1400 1 792 743 164 146 0 
1401 1 792 743 164 146 0 
1402 1 792 745 164 146 0 
1403 1 792 745 164 146 0 
1404 1 792 747 164 146 0 
1405 1 792 747 164 146 0 
1406 1 792 747 164 146 0 
1407 1 794 749 164 146 0 
1408 1 794 747 164 146 0 
1409 1 794 747 172 153 0 
1410 1 792 746 156 139 0 
1411 1 798 749 172 153 0 
1412 1 792 744 164 146 0 
1413 1 796 745 164 146 0 
1414 1 796 745 164 146 0 
1415 1 796 745 164 146 0 
1416 1 796 743 172 153 0 
1417 1 792 742 164 146 0 
1418 1 796 745 164 146 0 
1419 1 785 742 168 150 0 
1420 1 785 742 168 150 0 
1421 1 785 742 168 150 0 
1422 1 785 742 176 157 0 
1423 1 783 744 168 150 0 
1424 1 782 745 169 150 0 
1425 1 782 745 169 150 0 
1426 1 782 745 169 150 0 
1427 1 782 746 169 150 0 
1428 1 782 747 169 150 0 
1429 1 779 745 174 154 0 
1430 1 779 745 174 154 0 
1431 1 779 745 174 154 0 
1432 1 779 745 174 154 0 
1433 1 779 745 174 154 0 
1434 1 779 743 182 161 0 
1435 1 779 745 169 150 0 
1436 1 780 745 168 150 0 
1437 1 780 746 168 150 0 
1438 1 780 746 168 150 0 
1439 1 780 746 168 150 0 
1440 1 780 746 168 150 0 
1441 1 780 746 168 150 0 
1442 1 774 743 174 154 0 
1443 1 774 743 174 154 0 
1444 1 774 743 174 154 0 
1445 1 774 743 174 154 0 
1446 1 774 743 174 154 0 
1447 1 772 742 175 154 0 
1448 1 772 742 175 154 0 
1449 1 772 742 175 154 0 
1450 1 772 742 175 154 0 
1451 1 772 742 175 154 0 
1452 1 772 742 175 154 0 
1453 1 772 740 175 154 0 
1454 1 772 740 175 154 0 
1455 1 770 738 175 154 0 
1456 1 770 737 175 154 0 
1457 1 769 736 176 156 0 
1458 1 769 736 175 154 0 
1459 1 769 736 175 154 0 
1460 1 769 736 175 154 0 
1461 1 769 736 175 154 0 
1462 1 768 736 176 156 0 
1463 1 769 737 175 154 0 
1464 1 768 738 175 154 0 
1465 1 769 739 174 154 0 
1466 1 769 739 174 154 0 
1467 1 769 741 174 154 0 
1468 1 769 741 174 154 0 
1469 1 767 740 176 156 0 
1470 1 767 742 176 156 0 
1471 1 767 743 174 154 0 
1472 1 767 742 174 154 0 
1473 1 766 743 176 156 0 
1474 1 766 743 176 156 0 
1475 1 766 743 176 156 0 
1476 1 766 743 176 156 0 
1477 1 766 745 175 154 0 
1478 1 766 743 176 156 0 
1479 1 766 743 176 156 0 
1480 1 766 743 176 156 0 
1481 1 766 743 176 156 0 
1482 1 766 743 176 156 0 
1483 1 766 743 176 156 0 
1484 1 766 743 176 156 0 
1485 1 767 744 175 154 0 
1486 1 767 744 175 154 0 
1487 1 767 744 175 154 0 
1488 1 767 744 175 154 0 
1489 1 767 744 175 154 0 
1490 1 767 742 183 161 0 
1491 1 763 741 175 154 0 
1492 1 767 742 183 161 0 
1493 1 763 739 183 161 0 
1494 1 763 741 175 154 0 
1495 1 767 744 175 154 0 
1496 1 767 744 175 154 0 
1497 1 767 742 175 154 0 
1498 1 771 743 174 154 0 
1499 1 771 743 174 154 0 
1500 1 771 743 174 154 0 
1501 1 771 741 174 154 0 
1502 1 771 741 174 154 0 
1503 1 776 742 169 150 0 
1504 1 777 742 168 150 0 
1505 1 777 741 168 150 0 
1506 1 777 742 167 148 0 
1507 1 777 742 169 150 0 
1508 1 779 742 168 150 0 
1509 1 779 742 168 150 0 
1510 1 779 744 168 150 0 
1511 1 779 744 168 150 0 
1512 1 779 744 168 150 0 
1513 1 779 746 160 142 0 
1514 1 783 748 168 150 0 
1515 1 782 746 167 148 0 
1516 1 782 746 159 140 0 
1517 1 786 748 167 148 0 
1518 1 784 744 167 148 0 
1519 1 784 742 167 148 0 
1520 1 784 740 167 148 0 
1521 1 784 740 167 148 0 
1522 1 784 738 167 148 0 
1523 1 784 736 167 148 0 
1524 1 784 736 167 148 0 
1525 1 786 736 167 148 0 
1526 1 786 736 167 148 0 
1527 1 786 738 167 148 0 
1528 1 791 741 165 146 0 
1529 1 791 743 165 146 0 
1530 1 791 745 165 146 0 
1531 1 793 749 165 146 0 
1532 1 793 751 165 146 0 
1533 1 793 755 157 139 0 
1534 2 798 759 165 146 0 598 768 91 80 0 
1535 2 796 757 165 146 0 595 768 92 82 4 
1536 2 796 757 165 146 0 593 768 92 82 0 
1537 2 589 766 92 82 0 800 758 163 144 0 
1538 2 585 766 96 86 4 801 758 162 144 0 
1539 2 578 759 92 82 4 801 754 162 144 0 
1540 2 801 752 162 144 0 576 759 96 86 4 
1541 2 801 750 162 144 0 573 758 96 86 4 
1542 2 803 748 162 144 0 568 755 98 88 4 
1543 2 803 746 162 144 0 565 754 98 88 4 
1544 2 803 746 162 144 0 558 751 104 92 4 
1545 2 805 746 162 144 0 553 751 105 92 4 
1546 2 805 744 162 144 0 548 748 107 94 4 
1547 2 805 746 162 144 0 544 751 107 94 4 
1548 2 805 748 162 144 0 538 751 109 96 4 
1549 2 805 746 162 144 0 533 749 110 98 0 
1550 2 807 748 162 144 0 527 749 112 100 0 
1551 2 520 748 113 100 0 810 749 158 140 0 
1552 2 514 748 113 100 0 809 748 159 140 0 
1553 2 508 746 118 104 4 809 746 158 140 0 
1554 2 498 744 118 104 4 809 745 160 142 0 
1555 2 490 738 124 110 0 810 743 159 140 0 
1556 2 483 738 125 110 0 811 742 158 140 0 
1557 2 476 736 127 112 0 813 743 157 138 0 
1558 2 468 732 129 114 4 813 741 157 138 0 
1559 2 460 734 130 116 4 812 742 159 140 0 
1560 2 812 744 151 133 0 452 734 133 118 4 
1561 2 816 748 159 140 0 445 735 132 118 4 
1562 2 812 746 159 140 0 433 735 139 122 0 
1563 2 812 748 159 140 0 424 734 141 124 0 
1564 2 413 732 144 128 4 813 749 158 140 0 
1565 2 403 732 145 128 4 813 752 156 138 0 
1566 2 813 752 156 138 0 392 730 147 130 4 
1567 2 813 752 156 138 0 381 728 149 132 4 
1568 2 813 752 156 138 0 370 727 151 134 4 
1569 2 360 727 151 134 4 817 754 151 134 0 
1570 2 348 725 158 140 4 817 754 151 134 0 
1571 2 331 722 158 140 4 818 754 150 134 0 
1572 2 318 719 166 147 4 818 752 150 134 0 
1573 2 300 716 166 147 4 818 752 150 134 0 
1574 1 818 752 142 127 0 
1575 1 822 754 142 127 0 
1576 1 822 754 142 127 0 
1577 1 822 752 142 127 0 
1578 1 822 750 150 134 0 
1579 1 818 746 142 127 0 
1580 1 822 748 150 134 0 
1581 1 818 744 150 134 0 
1582 1 820 744 142 127 0 
1583 1 824 748 142 127 0 
1584 1 824 748 142 127 0 
1585 1 824 748 142 127 0 
1586 1 824 748 142 127 0 
1587 1 824 749 142 127 0 
1588 1 824 749 142 127 0 
1589 1 824 749 150 134 0 
1590 1 820 745 150 134 0 
1591 1 820 745 150 134 0 
1592 1 820 745 142 127 0 
1593 1 825 749 142 127 0 
1594 1 825 749 142 127 0 
1595 1 828 749 143 126 0 
1596 1 828 749 143 126 0 
1597 1 827 748 144 128 0 
1598 1 827 747 144 128 0 
1599 1 827 747 144 128 0 
1600 1 827 746 144 128 0 
1601 1 828 746 143 126 0 
1602 1 828 746 143 126 2 
1603 1 828 746 143 126 0 
1604 1 828 746 143 126 0 
1605 1 828 746 143 126 0 
1606 1 828 748 143 126 0 
1607 1 828 748 143 126 0 
1608 1 828 748 143 126 2 
1609 1 828 750 143 126 2 
1610 1 828 750 143 126 0 
1611 1 828 750 143 126 0 
1612 1 831 753 140 124 0 
1613 1 832 755 139 122 2 
1614 1 832 757 139 122 0 
1615 1 832 757 140 124 0 
1616 1 832 758 140 124 2 
1617 1 832 759 139 122 2 
1618 1 836 761 134 120 2 
1619 1 832 760 139 122 2 
1620 1 832 761 139 122 2 
1621 1 832 761 139 122 2 
1622 1 832 763 139 122 2 
1623 1 832 763 139 122 2 
1624 1 832 763 139 122 2 
1625 1 834 763 139 122 2 
1626 1 834 763 139 122 2 
1627 1 834 763 139 122 2 
1628 1 834 763 132 116 2 
1629 1 838 766 132 116 2 
1630 1 839 766 132 116 2 
1631 1 839 764 139 122 2 
1632 1 838 761 139 122 2 
1633 1 838 763 139 122 2 
1634 1 840 763 139 122 2 
1635 1 840 763 132 116 0 
1636 1 844 766 132 116 0 
1637 1 845 766 132 116 0 
1638 1 846 764 132 116 0 
1639 1 847 762 132 116 0 
1640 1 848 762 132 116 0 
1641 1 849 760 132 116 0 
1642 1 853 755 133 118 0 
1643 1 854 754 133 118 0 
1644 1 856 752 132 118 4 
1645 1 857 750 132 118 4 
1646 1 859 748 132 118 4 
1647 1 859 748 132 118 4 
1648 1 861 746 132 118 0 
1649 1 865 747 129 114 0 
1650 1 865 744 132 118 4 
1651 1 867 745 131 116 4 
1652 1 868 744 131 116 4 
1653 1 870 744 131 116 4 
1654 1 873 744 130 116 4 
1655 1 873 743 132 118 4 
1656 1 875 744 131 116 4 
1657 1 877 744 131 116 4 
1658 1 878 745 131 116 4 
1659 1 879 743 132 118 4 
1660 1 881 744 132 118 4 
1661 1 883 746 131 116 4 
1662 1 885 746 131 116 4 
1663 1 886 748 131 116 4 
1664 1 888 749 131 116 4 
1665 1 889 747 132 118 4 
1666 1 891 750 131 116 4 
1667 1 893 750 130 116 4 
1668 1 895 750 130 116 4 
1669 1 895 752 131 116 4 
1670 1 897 753 130 116 4 
1671 1 898 753 131 116 4 
1672 1 899 753 132 118 4 
1673 1 901 755 131 116 4 
1674 1 903 754 131 116 4 
1675 1 904 754 130 116 4 
1676 1 905 754 132 118 4 
1677 1 907 755 131 116 4 
1678 1 908 755 132 118 4 
1679 1 910 756 132 118 0 
1680 1 911 755 132 118 2 
1681 1 913 757 132 118 0 
1682 1 914 758 133 118 0 
1683 1 916 757 132 118 2 
1684 1 919 759 130 116 2 
1685 1 920 759 131 116 2 
1686 1 921 760 132 118 2 
1687 1 923 762 131 116 2 
1688 1 924 763 131 116 2 
1689 1 925 762 132 118 0 
1690 1 926 764 133 118 0 
1691 1 929 765 131 116 2 
1692 1 929 765 133 118 2 
1693 1 931 765 132 118 0 
1694 1 933 765 132 118 0 
1695 1 934 766 133 118 2 
1696 1 935 766 134 120 2 
1697 1 934 765 139 122 2 
1698 1 939 767 134 120 2 
1699 1 941 767 134 120 2 
1700 1 939 763 140 124 2 
1701 1 945 766 133 118 2 
1702 1 942 759 140 124 2 
1703 1 944 757 140 124 0 
1704 1 944 755 140 124 0 
1705 1 946 751 140 124 2 
1706 1 948 750 141 124 0 
1707 1 950 749 141 124 0 
1708 1 951 746 142 126 2 
1709 1 953 747 141 124 2 
1710 1 954 746 142 126 0 
1711 1 956 746 142 126 0 
1712 1 958 747 141 124 2 
1713 1 959 748 142 126 2 
1714 1 961 749 142 126 2 
1715 1 962 751 143 126 2 
1716 1 965 753 141 124 2 
1717 1 967 753 141 124 2 
1718 1 967 752 144 128 0 
1719 1 968 751 144 128 4 
1720 1 971 751 144 128 4 
1721 1 971 749 145 128 4 
1722 1 973 747 145 128 0 
1723 1 974 746 146 130 2 
1724 1 976 747 146 130 2 
1725 1 978 747 145 128 2 
1726 1 980 747 146 130 2 
1727 1 978 731 181 160 2 
1728 1 984 748 147 130 2 
1729 1 987 747 147 130 2 
1730 1 989 747 148 132 2 
1731 1 992 747 146 130 2 
1732 1 993 745 148 132 2 
1733 1 995 745 148 132 2 
1734 1 997 742 149 132 2 
1735 1 999 740 149 132 2 
1736 1 1001 739 150 134 2 
1737 1 1003 737 150 134 2 
1738 1 1006 735 150 134 2 
1739 1 1008 736 151 134 2 
1740 1 1011 734 151 134 2 
1741 1 1014 734 151 134 2 
1742 1 1013 721 176 156 2 
1743 1 1015 721 176 156 2 
1744 1 1018 723 175 154 2 
1745 1 1020 723 176 156 2 
1746 1 1025 734 157 138 2 
1747 1 1029 736 156 138 0 
1748 1 1031 736 158 140 4 
1749 1 1034 738 157 138 4 
1750 1 1034 732 175 154 4 
1751 1 1038 733 174 154 4 
1752 1 1040 733 175 154 4 
1753 1 1044 734 174 154 4 
1754 1 1050 737 168 150 4 
1755 1 1053 736 169 150 4 
1756 1 1056 736 168 150 0 
1757 1 1061 735 166 148 0 
1758 1 1064 736 166 148 0 
1759 1 1068 736 166 148 0 
1760 1 1072 736 166 148 0 
1761 1 1074 734 174 155 0 
1762 1 1074 731 183 163 0 
1763 1 1074 727 183 163 0 
1764 1 1078 727 183 163 0 
1765 1 1082 727 183 163 0 
1766 1 1086 729 174 155 0 
1767 1 1096 733 183 163 0 
1768 1 1096 731 174 155 0 
1769 1 1106 735 174 155 0 
1770 1 1110 735 174 155 0 
1771 1 1119 737 166 148 0 
1772 1 1123 736 168 150 0 
1773 1 1129 736 167 148 0 
1774 1 1133 736 167 148 0 
1775 1 1139 736 159 140 0 
1776 1 1148 740 159 140 0 
1777 1 1155 738 167 148 0 
1778 1 1157 734 175 155 0 
1779 1 1159 731 175 155 0 
1780 1 1165 731 175 155 0 
1781 1 1171 731 184 163 0 
1782 1 1172 727 184 163 0 
1783 1 1178 727 184 163 0 
1784 1 1186 727 184 163 0 
1785 1 1192 727 184 163 0 
1786 1 1200 727 184 163 0 
1787 1 1208 727 184 163 0 
1788 1 1216 727 184 163 0 
1789 1 1224 727 184 163 0 
1790 1 1232 727 184 163 0 
1791 1 1240 727 184 163 0 
1792 1 1248 727 184 163 0 
1793 1 1256 727 184 163 0 
1794 0 
1795 0 
1796 0 
1797 0 
1798 0 
1799 0 
1800 0 
1801 0 
1802 0 
1803 0 
1804 0 
1805 0 
1806 0 
1807 0 
1808 0 
1809 0 
1810 0 
1811 0 
1812 0 
1813 0 
1814 0 
1815 0 
1816 0 
1817 0 
1818 0 
1819 0 
1820 0 
1821 0 
1822 0 
1823 0 
1824 0 
1825 0 
1826 0 
1827 0 
1828 0 
1829 0 
1830 0 
1831 0 
1832 0 
1833 0 
1834 0 
1835 0 
1836 0 
1837 1 1024 765 90 80 0 
1838 1 1027 764 92 82 0 
1839 1 1031 766 91 80 0 
1840 1 1035 766 91 80 0 
1841 1 1037 766 95 84 0 
1842 1 1039 764 95 84 0 
1843 1 1046 768 93 82 0 
1844 1 1050 768 93 82 0 
1845 1 1054 768 93 82 0 
1846 1 1058 766 97 86 0 
1847 1 1056 756 107 94 0 
1848 1 1061 755 106 94 0 
1849 1 1065 757 108 96 0 
1850 1 1069 752 111 98 0 
1851 1 1074 751 110 98 0 
1852 1 1079 749 114 102 0 
1853 1 1083 753 117 104 0 
1854 1 1086 752 123 108 0 
1855 1 1092 745 124 110 0 
1856 1 1098 745 126 112 0 
1857 1 1104 744 128 114 0 
1858 1 1112 746 127 112 0 
