1 0 
2 0 
3 1 620 711 109 96 0 
4 1 620 711 109 96 0 
5 1 620 713 109 96 0 
6 1 620 713 109 96 0 
7 1 620 713 109 96 0 
8 1 620 715 103 91 0 
9 1 621 714 111 98 0 
10 1 621 714 111 98 0 
11 1 621 714 110 98 0 
12 1 621 714 110 98 0 
13 1 621 714 110 98 0 
14 1 621 714 110 98 0 
15 1 621 714 110 98 0 
16 1 621 714 110 98 0 
17 1 624 717 109 96 0 
18 1 622 716 111 98 0 
19 1 622 715 112 100 0 
20 1 622 715 112 100 0 
21 1 622 715 112 100 0 
22 1 624 715 112 100 0 
23 1 624 715 112 100 0 
24 1 624 715 112 100 0 
25 1 624 716 112 100 0 
26 1 625 718 109 96 0 
27 1 624 716 112 100 0 
28 1 624 715 113 100 0 
29 1 625 715 114 102 0 
30 1 626 715 113 100 0 
31 1 628 716 112 100 0 
32 1 628 716 112 100 0 
33 1 630 716 112 100 0 
34 1 630 716 112 100 0 
35 1 628 716 114 102 0 
36 1 628 716 115 102 0 
37 1 628 715 116 104 0 
38 1 629 715 116 104 0 
39 1 630 716 115 102 0 
40 1 632 716 114 102 0 
41 1 631 715 116 104 0 
42 1 634 718 113 100 0 
43 1 633 717 115 102 0 
44 1 633 716 116 104 0 
45 1 633 716 117 104 0 
46 1 634 715 117 104 0 
47 1 635 715 116 104 0 
48 1 633 713 122 108 0 
49 1 636 715 117 104 0 
50 1 634 713 123 108 0 
51 1 635 713 122 108 0 
52 1 636 712 122 108 0 
53 1 639 713 116 104 0 
54 1 641 713 117 104 0 
55 1 638 711 122 108 0 
56 1 641 713 117 104 0 
57 1 640 710 124 110 0 
58 1 641 711 124 110 0 
59 1 642 712 124 110 0 
60 1 644 714 123 108 0 
61 1 644 715 124 110 0 
62 1 645 716 124 110 0 
63 1 646 718 124 110 0 
64 1 648 718 124 110 0 
65 1 648 718 124 110 0 
66 1 650 718 124 110 0 
67 1 650 718 124 110 0 
68 1 652 716 130 115 0 
69 1 652 714 126 112 0 
70 1 652 714 127 112 0 
71 1 652 713 129 114 0 
72 1 653 713 128 114 0 
73 1 654 713 128 114 0 
74 1 655 715 128 114 0 
75 1 655 715 129 114 0 
76 1 656 716 129 114 0 
77 1 656 716 129 114 0 
78 1 658 716 135 119 0 
79 1 655 714 135 119 0 
80 1 658 716 131 116 0 
81 1 658 716 131 116 0 
82 1 658 714 133 118 0 
83 1 660 713 133 118 0 
84 1 660 713 133 118 0 
85 1 661 711 134 120 0 
86 1 661 710 134 120 0 
87 1 660 707 139 122 0 
88 1 660 705 140 124 0 
89 1 661 706 139 122 0 
90 1 661 704 140 124 0 
91 1 662 704 140 124 0 
92 1 663 704 140 124 0 
93 1 663 704 140 124 0 
94 1 665 704 140 124 0 
95 1 665 704 140 124 0 
96 1 664 703 143 126 0 
97 1 664 703 143 126 0 
98 1 664 703 144 128 0 
99 1 664 703 145 128 0 
100 1 665 703 145 128 0 
101 1 666 703 145 128 0 
102 1 666 703 145 128 0 
103 1 666 702 146 130 0 
104 1 667 702 146 130 0 
105 1 667 701 147 130 0 
106 1 667 700 148 132 0 
107 1 667 701 148 132 0 
108 1 667 702 149 132 0 
109 1 668 703 149 132 0 
110 1 668 704 149 132 0 
111 1 668 704 150 134 0 
112 1 668 704 150 134 0 
113 1 670 706 150 134 0 
114 1 670 706 150 134 0 
115 1 668 704 150 134 0 
116 1 670 704 150 134 0 
117 1 670 704 150 134 0 
118 1 670 704 157 140 0 
119 1 666 701 157 138 0 
120 1 666 703 157 138 0 
121 1 666 702 158 140 0 
122 1 666 702 158 140 0 
123 1 665 702 159 140 0 
124 1 667 702 159 140 0 
125 1 667 702 159 140 0 
126 1 667 702 166 147 0 
127 1 665 702 160 142 0 
128 1 664 703 161 142 0 
129 1 664 703 161 142 0 
130 1 665 704 160 142 0 
131 1 664 704 161 142 0 
132 1 664 705 161 142 0 
133 1 664 705 161 142 0 
134 1 663 703 162 144 0 
135 1 663 703 162 144 0 
136 1 663 704 162 144 0 
137 1 663 705 162 144 0 
138 1 665 705 162 144 0 
139 1 665 705 162 144 0 
140 1 663 705 162 144 0 
141 1 661 705 164 146 0 
142 1 661 705 164 146 0 
143 1 661 705 164 146 0 
144 1 661 703 172 153 0 
145 1 661 705 163 144 0 
146 1 659 704 165 146 0 
147 1 659 704 165 146 0 
148 1 659 704 165 146 0 
149 1 659 704 165 146 0 
150 1 657 704 165 146 0 
151 1 657 704 165 146 0 
152 1 657 704 165 146 0 
153 1 657 704 165 146 0 
154 1 657 704 165 146 0 
155 1 655 704 165 146 0 
156 1 654 704 165 146 0 
157 1 654 704 164 146 0 
158 1 653 704 165 146 0 
159 1 653 704 164 146 0 
160 1 652 704 164 146 0 
161 1 651 704 165 146 0 
162 1 650 703 165 146 0 
163 1 649 702 165 146 0 
164 1 648 701 165 146 0 
165 1 647 702 165 146 0 
166 1 646 701 165 146 0 
167 1 645 701 164 146 0 
168 1 644 700 165 146 0 
169 1 642 700 165 146 0 
170 1 641 701 165 146 0 
171 1 640 701 165 146 0 
172 1 639 701 165 146 0 
173 1 638 701 165 146 0 
174 1 637 701 164 146 0 
175 1 636 701 165 146 0 
176 1 635 701 164 146 0 
177 1 634 701 164 146 0 
178 1 634 703 163 144 0 
179 1 633 702 163 144 0 
180 1 631 701 164 146 0 
181 1 631 701 164 146 0 
182 1 629 701 164 146 0 
183 1 629 701 164 146 0 
184 1 628 700 164 146 0 
185 1 628 700 164 146 0 
186 1 628 698 172 153 0 
187 1 621 695 164 146 0 
188 1 626 700 162 144 0 
189 1 625 700 162 144 0 
190 1 624 700 162 144 0 
191 1 624 700 162 144 0 
192 1 623 700 162 144 0 
193 1 622 699 163 144 0 
194 1 622 701 161 142 0 
195 1 622 700 161 142 0 
196 1 622 700 161 142 0 
197 1 622 698 161 142 0 
198 1 622 698 161 142 0 
199 1 621 699 159 140 0 
200 1 620 698 158 140 0 
201 1 620 698 158 140 0 
202 1 620 698 158 140 0 
203 1 620 698 158 140 0 
204 1 618 698 158 140 0 
205 1 617 699 158 140 0 
206 1 617 700 157 138 0 
207 1 616 700 158 140 0 
208 1 616 702 157 138 0 
209 1 617 703 150 134 0 
210 1 614 701 157 138 0 
211 1 614 701 156 138 0 
212 1 616 703 151 134 0 
213 1 615 703 151 134 0 
214 1 612 699 156 138 0 
215 1 614 701 151 134 0 
216 1 613 702 151 134 0 
217 1 613 701 150 134 0 
218 1 612 702 150 134 0 
219 1 612 703 149 132 0 
220 1 611 703 149 132 0 
221 1 611 704 148 132 0 
222 1 611 705 147 130 0 
223 1 610 705 149 132 0 
224 1 608 705 149 132 0 
225 1 608 705 149 132 0 
226 1 608 705 148 132 0 
227 1 607 705 148 132 0 
228 1 607 705 148 132 0 
229 1 607 706 147 130 0 
230 1 606 705 147 130 0 
231 1 606 705 146 130 0 
232 1 606 705 145 128 0 
233 1 605 705 145 128 0 
234 1 606 706 144 128 0 
235 1 606 706 144 128 0 
236 1 606 706 144 128 0 
237 1 604 706 144 128 0 
238 1 604 706 144 128 0 
239 1 604 706 144 128 0 
240 1 602 706 143 126 0 
241 1 601 705 144 128 0 
242 1 601 706 143 126 0 
243 1 600 705 142 126 0 
244 1 600 705 142 126 0 
245 1 600 705 142 126 0 
246 1 598 703 142 126 0 
247 1 598 703 142 126 0 
248 1 598 705 142 126 0 
249 1 596 705 135 120 0 
250 1 539 677 208 184 0 
251 1 544 681 201 178 0 
252 1 544 682 199 176 0 
253 1 544 683 199 176 0 
254 1 545 684 197 174 0 
255 1 546 685 196 174 0 
256 1 546 687 195 172 0 
257 1 546 687 195 172 0 
258 1 545 688 195 172 0 
259 1 547 689 193 170 0 
260 1 547 689 193 170 0 
261 1 546 688 194 172 0 
262 1 546 690 194 172 0 
263 1 548 690 184 163 0 
264 1 551 693 194 172 0 
265 1 548 688 194 172 0 
266 1 548 688 194 172 0 
267 1 548 688 194 172 0 
268 1 546 688 184 163 0 
269 1 551 691 184 164 0 
270 1 552 693 183 162 0 
271 1 554 694 180 160 0 
272 1 554 696 180 160 0 
273 1 554 698 171 152 0 
274 1 559 703 180 160 0 
275 1 554 701 180 160 0 
276 1 553 705 177 156 0 
277 1 552 706 178 158 0 
278 1 553 708 176 156 0 
279 1 553 709 176 156 0 
280 1 589 729 133 118 0 
281 1 553 711 175 154 0 
282 1 553 711 175 154 0 
283 1 553 711 175 154 0 
284 1 553 711 175 154 0 
285 1 587 728 132 118 0 
286 1 555 711 167 148 0 
287 1 587 727 131 116 0 
288 1 586 726 131 116 0 
289 1 586 726 131 116 0 
290 1 585 724 132 118 0 
291 1 556 708 164 146 0 
292 1 586 723 129 114 0 
293 1 586 722 128 114 0 
294 1 586 722 127 112 0 
295 1 583 720 131 116 0 
296 1 583 719 131 116 0 
297 1 583 718 131 116 0 
298 1 582 717 131 116 0 
299 1 582 717 131 116 0 
300 1 582 716 130 116 0 
301 1 582 716 130 116 0 
302 1 582 716 130 116 0 
303 1 582 716 130 116 0 
304 1 581 715 131 116 0 
305 1 582 716 129 114 0 
306 1 555 702 160 142 0 
307 1 555 702 160 142 0 
308 1 555 702 160 142 0 
309 1 555 702 160 142 0 
310 1 556 704 159 140 0 
311 1 555 703 160 142 0 
312 1 555 703 160 142 0 
313 1 581 715 130 116 0 
314 1 557 703 158 140 0 
315 1 556 702 159 140 0 
316 1 556 702 159 140 0 
317 1 582 714 129 114 0 
318 1 556 701 159 140 0 
319 1 557 701 159 140 0 
320 1 558 702 157 138 0 
321 1 557 701 159 140 0 
322 1 558 701 158 140 0 
323 1 558 702 158 140 0 
324 1 558 701 158 140 0 
325 1 586 715 127 112 0 
326 1 558 702 159 140 0 
327 1 558 703 158 140 0 
328 1 559 703 158 140 0 
329 1 585 716 128 114 0 
330 1 560 703 158 140 0 
331 1 561 706 157 138 0 
332 1 561 705 157 138 0 
333 1 561 706 157 138 0 
334 1 566 707 151 134 0 
335 1 562 704 158 140 0 
336 1 562 704 158 140 0 
337 1 562 704 158 140 0 
338 1 562 704 158 140 0 
339 1 564 704 158 140 0 
340 1 564 703 158 140 0 
341 1 565 703 158 140 0 
342 1 566 704 157 138 0 
343 1 566 703 158 140 0 
344 1 566 703 159 140 0 
345 1 567 703 158 140 0 
346 1 568 704 158 140 0 
347 1 569 704 158 140 0 
348 1 571 705 158 140 0 
349 1 600 720 126 112 0 
350 1 601 721 126 112 0 
351 1 603 721 126 112 0 
352 1 605 721 126 112 0 
353 1 605 721 126 112 4 
354 1 607 721 126 112 4 
355 1 602 721 140 124 4 
356 1 603 720 142 126 4 
357 1 604 720 142 126 4 
358 1 606 721 142 126 4 
359 1 608 722 141 124 4 
360 1 609 722 141 124 4 
361 1 611 721 141 124 4 
362 1 616 724 133 118 0 
363 1 620 726 129 114 0 
364 1 622 725 128 114 0 
365 1 624 724 128 114 0 
366 1 626 725 127 112 0 
367 1 628 724 127 112 1 
368 1 630 723 127 112 1 
369 1 632 722 126 112 0 
370 1 634 722 125 110 0 
371 1 636 722 125 110 0 
372 1 637 719 126 112 0 
373 1 639 719 124 110 0 
374 1 640 718 125 110 0 
375 1 642 718 124 110 0 
376 1 645 719 123 108 0 
377 1 645 718 124 110 0 
378 1 646 719 125 110 0 
379 1 647 719 124 110 0 
380 1 649 719 124 110 0 
381 1 649 719 124 110 0 
382 1 651 719 124 110 0 
383 1 652 720 125 110 0 
384 1 653 719 125 110 0 
385 1 654 718 124 110 0 
386 1 655 718 124 110 0 
387 1 655 716 124 110 0 
388 1 655 714 125 110 0 
389 1 656 712 124 110 0 
390 1 656 710 125 110 0 
391 1 657 707 123 108 0 
392 1 658 707 123 108 0 
393 1 657 704 124 110 0 
394 1 657 705 125 110 0 
395 1 657 705 125 110 0 
396 1 659 707 125 110 0 
397 1 659 707 125 110 0 
398 1 654 709 134 120 4 
399 1 652 707 139 122 4 
400 1 652 708 140 124 4 
401 1 652 708 141 124 4 
402 1 652 707 141 124 4 
403 1 652 705 141 124 4 
404 1 655 706 134 120 4 
405 1 658 706 128 114 0 
406 1 658 703 128 114 0 
407 1 659 703 128 114 0 
408 1 660 703 127 112 0 
409 1 660 702 127 112 0 
410 1 660 703 127 112 0 
411 1 662 704 125 110 1 
412 1 662 704 124 110 1 
413 1 662 705 125 110 0 
414 1 662 707 125 110 0 
415 1 662 708 125 110 0 
416 1 663 708 124 110 0 
417 1 663 709 124 110 0 
418 1 663 710 124 110 0 
419 1 663 711 124 110 0 
420 1 664 711 124 110 0 
421 1 666 713 123 108 0 
422 1 663 712 125 110 0 
423 1 663 713 125 110 0 
424 1 663 712 125 110 0 
425 1 663 712 125 110 0 
426 1 663 711 126 112 0 
427 1 663 710 126 112 0 
428 1 662 710 126 112 0 
429 1 662 710 126 112 0 
430 1 662 710 125 110 0 
431 1 661 709 126 112 0 
432 1 661 708 126 112 0 
433 1 661 708 126 112 0 
434 1 661 709 125 110 0 
435 1 661 708 125 110 0 
436 1 661 707 125 110 0 
437 1 660 708 125 110 0 
438 1 662 710 123 108 0 
439 1 659 708 126 112 0 
440 1 658 709 127 112 0 
441 1 658 711 126 112 0 
442 1 658 712 125 110 0 
443 1 658 713 124 110 0 
444 1 657 713 125 110 0 
445 1 656 714 125 110 0 
446 1 656 712 126 112 0 
447 1 656 712 126 112 0 
448 1 655 713 126 112 0 
449 1 654 712 127 112 0 
450 1 654 712 127 112 0 
451 1 654 713 127 112 0 
452 1 653 714 127 112 0 
453 1 653 713 126 112 0 
454 1 652 713 127 112 0 
455 1 652 714 126 112 0 
456 1 651 715 126 112 0 
457 1 653 715 126 112 0 
458 1 653 715 126 112 0 
459 1 655 717 126 112 0 
460 1 649 717 124 110 0 
461 1 648 717 125 110 0 
462 1 648 717 126 112 0 
463 1 647 717 126 112 0 
464 1 646 717 127 112 0 
465 1 646 717 126 112 0 
466 1 645 717 127 112 0 
467 1 645 718 126 112 0 
468 1 644 718 127 112 0 
469 1 643 717 127 112 0 
470 1 642 716 128 114 0 
471 1 643 717 126 112 0 
472 1 642 717 127 112 0 
473 1 641 717 127 112 0 
474 1 640 717 127 112 0 
475 1 640 717 126 112 0 
476 1 640 716 126 112 0 
477 1 639 716 126 112 0 
478 1 638 715 128 114 0 
479 1 637 715 128 114 0 
480 1 637 715 128 114 0 
481 1 636 716 128 114 0 
482 1 637 717 126 112 0 
483 1 637 718 125 110 0 
484 1 635 718 127 112 0 
485 1 634 718 126 112 0 
486 1 633 717 128 114 0 
487 1 633 718 127 112 0 
488 1 633 718 127 112 0 
489 1 633 718 127 112 0 
490 1 632 718 127 112 0 
491 1 631 717 128 114 0 
492 1 631 717 129 114 0 
493 1 630 716 130 116 0 
494 1 630 717 129 114 0 
495 1 630 717 129 114 0 
496 1 629 717 129 114 0 
497 1 629 716 129 114 0 
498 1 628 716 129 114 0 
499 1 628 715 129 114 0 
500 1 627 716 127 112 0 
501 1 625 714 131 116 0 
502 1 621 712 133 118 0 
503 1 621 712 133 118 0 
504 1 621 712 133 118 0 
505 1 621 710 139 123 0 
506 1 623 713 130 116 0 
507 1 623 712 130 116 0 
508 1 621 712 131 116 0 
509 1 621 712 130 116 0 
510 1 620 712 131 116 0 
511 1 619 713 131 116 0 
512 1 618 712 132 118 0 
513 1 619 713 130 116 0 
514 1 617 712 131 116 0 
515 1 617 711 132 118 0 
516 1 616 711 132 118 0 
517 1 618 713 129 114 0 
518 1 615 711 132 118 0 
519 1 614 710 133 118 0 
520 1 614 710 132 118 0 
521 1 613 710 133 118 0 
522 1 612 709 133 118 0 
523 1 612 709 133 118 0 
524 1 612 709 133 118 0 
525 1 611 709 133 118 0 
526 1 610 709 133 118 0 
527 1 610 710 133 118 0 
528 1 609 711 133 118 0 
529 1 609 711 132 118 0 
530 1 609 711 133 118 0 
531 1 608 710 134 120 0 
532 1 608 712 133 118 0 
533 1 607 713 133 118 0 
534 1 607 713 134 120 0 
535 1 607 714 133 118 0 
536 1 606 713 134 120 0 
537 1 607 714 131 116 0 
538 1 603 710 139 122 0 
539 1 605 710 134 120 0 
540 1 605 708 134 120 0 
541 1 605 708 134 120 0 
542 1 605 708 134 120 0 
543 1 600 705 139 122 0 
544 1 600 706 139 122 0 
545 1 600 706 139 122 0 
546 1 599 706 140 124 0 
547 1 599 709 139 122 0 
548 1 598 710 139 122 0 
549 1 600 713 134 120 0 
550 1 602 715 132 118 0 
551 1 597 714 139 122 0 
552 1 596 713 139 122 0 
553 1 596 713 139 122 0 
554 1 596 713 132 116 0 
555 1 597 714 139 122 0 
556 1 596 711 134 120 0 
557 1 593 707 140 124 0 
558 1 593 707 139 122 0 
559 1 594 706 134 120 0 
560 1 592 704 139 122 0 
561 1 591 703 139 122 0 
562 1 591 703 139 122 0 
563 1 590 704 139 122 0 
564 1 593 706 134 120 0 
565 1 590 705 140 124 0 
566 1 591 706 139 122 0 
567 1 591 707 139 122 0 
568 1 592 707 139 122 0 
569 1 592 708 139 122 0 
570 1 595 708 134 120 0 
571 1 593 707 139 122 0 
572 1 594 706 139 122 0 
573 1 597 706 133 118 0 
574 1 595 704 139 122 0 
575 1 596 703 139 122 0 
576 1 599 704 132 118 0 
577 1 600 703 133 118 0 
578 1 598 702 139 122 0 
579 1 601 703 134 120 0 
580 1 602 704 134 120 0 
581 1 603 705 134 120 0 
582 1 604 706 134 120 0 
583 1 604 707 134 120 0 
584 1 606 708 133 118 0 
585 1 607 708 133 118 0 
586 1 608 707 133 118 0 
587 1 608 706 134 120 0 
588 1 610 706 133 118 0 
589 1 610 705 133 118 0 
590 1 611 705 133 118 0 
591 1 613 705 133 118 0 
592 1 614 705 132 118 0 
593 1 615 705 132 118 0 
594 1 616 706 133 118 0 
595 1 618 709 131 116 0 
596 1 618 709 131 116 0 
597 1 619 709 132 118 0 
598 1 619 709 132 118 0 
599 1 620 710 133 118 0 
600 1 621 710 132 118 0 
601 1 621 710 132 118 0 
602 1 621 710 132 118 0 
603 1 621 708 132 118 0 
604 1 621 708 132 118 0 
605 1 621 706 132 118 0 
606 1 621 706 132 118 0 
607 1 621 706 132 118 0 
608 1 621 706 132 118 0 
609 1 619 706 132 118 0 
610 1 619 706 132 118 0 
611 1 619 708 132 118 0 
612 1 619 708 132 118 0 
613 1 619 708 132 118 0 
614 1 617 708 132 118 0 
615 1 617 711 130 116 0 
616 1 617 710 130 116 0 
617 1 617 710 130 116 0 
618 1 615 710 130 116 0 
619 1 615 710 130 116 0 
620 1 613 710 123 110 0 
621 1 617 713 130 116 0 
622 1 613 710 130 116 0 
623 1 611 710 123 110 0 
624 1 615 713 123 110 0 
625 1 615 713 123 110 0 
626 1 610 710 128 114 0 
627 1 610 710 128 114 0 
628 1 608 710 128 114 0 
629 1 608 710 128 114 0 
630 1 608 711 127 112 0 
631 1 608 711 127 112 0 
632 1 608 711 127 112 0 
633 1 606 711 127 112 0 
634 1 606 711 127 112 0 
635 1 606 711 127 112 0 
636 1 604 711 127 112 0 
637 1 604 711 127 112 0 
638 1 604 711 127 112 0 
639 1 604 713 125 110 0 
640 1 602 713 125 110 0 
641 1 602 714 125 110 0 
642 1 601 714 126 112 0 
643 1 601 716 125 110 0 
644 1 596 713 129 114 0 
645 1 596 713 129 114 0 
646 1 596 714 128 114 0 
647 1 595 713 129 114 0 
648 1 596 712 128 114 0 
649 1 596 712 128 114 0 
650 1 596 710 128 114 0 
651 1 596 708 128 114 0 
652 1 596 708 128 114 0 
653 1 596 706 128 114 0 
654 1 596 706 128 114 0 
655 1 598 709 125 110 0 
656 1 600 710 123 108 0 
657 1 600 711 123 108 0 
658 1 602 714 117 104 0 
659 1 603 714 117 104 0 
660 1 603 714 117 104 0 
661 1 603 716 117 104 0 
662 1 603 716 117 104 0 
663 1 603 716 117 104 0 
664 1 605 716 117 104 0 
665 1 605 716 117 104 0 
666 1 605 716 117 104 0 
667 1 607 716 114 102 0 
668 1 606 715 116 104 0 
669 1 607 713 116 104 0 
670 1 609 713 116 104 0 
671 1 609 711 116 104 0 
672 1 609 711 116 104 0 
673 1 609 711 116 104 0 
674 1 611 711 116 104 0 
675 1 611 711 116 104 0 
676 1 612 711 116 104 0 
677 1 614 713 114 102 0 
678 1 614 714 115 102 0 
679 1 615 715 115 102 0 
680 1 616 716 115 102 0 
681 1 616 718 117 104 0 
682 1 614 718 123 108 4 
683 1 614 718 125 110 4 
684 1 614 717 127 112 4 
685 1 615 716 128 114 4 
686 1 617 716 126 112 4 
687 1 618 716 127 112 4 
688 1 620 716 127 112 4 
689 1 622 716 127 112 4 
690 1 622 716 127 112 4 
691 1 624 716 127 112 4 
692 1 626 716 127 112 4 
693 1 627 716 126 112 4 
694 1 628 717 127 112 4 
695 1 630 718 127 112 4 
696 1 632 718 127 112 4 
697 1 634 720 126 112 4 
698 1 636 720 126 112 4 
699 1 637 721 127 112 4 
700 1 640 722 125 110 4 
701 1 642 723 123 108 0 
702 1 648 726 116 104 0 
703 1 650 726 116 104 0 
704 1 652 727 116 104 0 
705 1 654 727 117 104 0 
706 1 656 727 117 104 0 
707 1 660 728 115 102 0 
708 1 662 728 115 102 0 
709 1 664 727 115 102 0 
710 1 667 726 114 102 0 
711 1 670 723 114 102 0 
712 1 672 722 114 102 0 
713 1 674 722 114 102 0 
714 1 678 723 113 100 0 
715 1 680 722 114 102 0 
716 1 683 723 114 102 0 
717 1 686 724 114 102 0 
718 1 689 724 114 102 0 
719 1 692 725 113 100 0 
720 1 694 725 114 102 0 
721 1 698 726 112 100 0 
722 1 700 727 113 100 0 
723 1 703 726 113 100 0 
724 1 705 724 114 102 0 
725 1 708 724 114 102 0 
726 1 710 724 114 102 0 
727 1 712 724 115 102 0 
728 1 714 724 115 102 0 
729 1 716 722 115 102 0 
730 1 718 723 115 102 0 
731 1 720 722 115 102 0 
732 1 722 722 115 102 0 
733 1 724 722 115 102 0 
734 1 726 722 115 102 0 
735 1 728 722 115 102 0 
736 1 730 722 115 102 0 
737 1 731 723 115 102 0 
738 1 732 724 115 102 0 
739 1 732 724 115 102 0 
740 1 734 724 115 102 0 
741 1 734 724 115 102 0 
742 1 735 725 115 102 0 
743 1 736 725 115 102 0 
744 1 737 725 114 102 0 
745 1 737 725 115 102 0 
746 1 738 725 114 102 0 
747 1 739 725 114 102 0 
748 1 739 725 112 100 0 
749 1 739 725 115 102 0 
750 1 740 724 114 102 0 
751 1 740 724 115 102 0 
752 1 741 724 115 102 0 
753 1 742 723 114 102 0 
754 1 742 724 114 102 0 
755 1 742 724 113 100 0 
756 1 742 724 114 102 0 
757 1 743 725 115 102 0 
758 1 744 725 115 102 0 
759 1 744 725 115 102 0 
760 1 744 727 114 102 0 
761 1 745 728 112 100 0 
762 1 745 727 114 102 0 
763 1 745 728 114 102 0 
764 1 744 728 115 102 0 
765 1 745 729 114 102 0 
766 1 744 729 114 102 0 
767 1 744 730 113 100 0 
768 1 744 731 113 100 0 
769 1 744 731 112 100 0 
770 1 745 732 110 98 0 
771 1 743 731 113 100 0 
772 1 742 732 111 98 0 
773 1 742 730 112 100 0 
774 1 742 730 112 100 0 
775 1 743 730 111 98 0 
776 1 744 729 110 98 0 
777 1 743 729 111 98 0 
778 1 743 729 110 98 0 
779 1 743 729 110 98 0 
780 1 743 729 110 98 0 
781 1 743 729 110 98 0 
782 1 740 728 113 100 0 
783 1 741 728 112 100 0 
784 1 741 729 112 100 0 
785 1 741 731 112 100 0 
786 1 742 732 111 98 0 
787 1 742 731 112 100 0 
788 1 742 731 112 100 0 
789 1 744 731 112 100 0 
790 1 744 731 112 100 0 
791 1 744 731 112 100 0 
792 1 746 731 112 100 0 
793 1 746 729 112 100 0 
794 1 747 729 112 100 0 
795 1 747 729 112 100 0 
796 1 747 729 106 95 0 
797 1 751 732 106 95 0 
798 1 752 732 106 95 0 
799 1 753 732 106 95 0 
800 1 752 729 111 98 0 
801 1 755 731 108 96 0 
802 1 755 731 109 96 0 
803 1 754 730 111 98 0 
804 1 755 731 110 98 0 
805 1 755 731 110 98 0 
806 1 757 731 110 98 0 
807 1 757 729 110 98 0 
808 1 758 730 110 98 0 
809 1 759 729 110 98 0 
810 1 759 728 110 98 0 
811 1 759 728 110 98 0 
812 1 761 728 110 98 0 
813 1 761 728 110 98 0 
814 1 763 730 109 96 0 
815 1 764 732 107 94 0 
816 1 766 733 107 94 0 
817 1 764 730 110 98 0 
818 1 766 732 109 96 0 
819 1 766 732 109 96 0 
820 1 767 733 109 96 0 
821 1 770 734 106 94 0 
822 1 772 736 105 92 0 
823 1 772 735 106 94 0 
824 1 770 733 109 96 0 
825 1 771 734 108 96 0 
826 1 772 734 108 96 0 
827 1 773 734 108 96 0 
828 1 774 734 108 96 0 
829 1 774 733 108 96 0 
830 1 775 734 106 94 0 
831 1 777 734 107 94 0 
832 1 779 735 104 92 0 
833 1 780 735 104 92 0 
834 1 781 735 105 92 0 
835 1 781 735 105 92 0 
836 1 780 733 107 94 0 
837 1 784 735 105 92 0 
838 1 783 734 107 94 0 
839 1 784 734 107 94 0 
840 1 784 733 107 94 0 
841 1 786 734 104 92 0 
842 1 786 734 104 92 0 
843 1 786 734 107 94 0 
844 1 788 734 106 94 0 
845 1 788 734 107 94 0 
846 1 790 734 107 94 0 
847 1 791 734 106 94 0 
848 1 792 736 105 92 0 
849 1 792 736 107 94 0 
850 1 794 737 105 92 0 
851 1 795 737 106 94 0 
852 1 796 738 106 94 0 
853 1 797 739 106 94 0 
854 1 798 739 106 94 0 
855 1 798 739 107 94 0 
856 1 799 740 107 94 0 
857 1 800 741 107 94 0 
858 1 802 741 106 94 0 
859 1 802 741 106 94 0 
860 1 804 741 106 94 0 
861 1 804 741 106 94 0 
862 1 806 742 107 94 0 
863 1 807 743 107 94 0 
864 1 808 743 106 94 0 
865 1 809 743 106 94 0 
866 1 811 744 105 92 0 
867 1 812 743 106 94 0 
868 1 812 742 106 94 0 
869 1 812 742 100 89 0 
870 1 816 743 106 94 0 
871 1 815 740 106 94 0 
872 1 817 739 106 94 0 
873 1 819 740 105 92 0 
874 1 819 740 104 92 0 
875 1 820 741 105 92 2 
876 1 820 741 106 94 0 
877 1 821 741 106 94 0 
878 1 824 743 104 92 0 
879 1 824 743 105 92 0 
880 1 824 743 105 92 0 
881 1 825 741 106 94 0 
882 1 826 742 105 92 0 
883 1 827 741 106 94 0 
884 1 828 741 105 92 0 
885 1 829 741 104 92 0 
886 1 830 742 105 92 0 
887 1 830 741 106 94 0 
888 1 832 743 104 92 0 
889 1 833 744 104 92 0 
890 1 834 745 105 92 0 
891 1 834 746 105 92 0 
892 1 834 745 105 92 0 
893 1 833 735 125 110 0 
894 1 835 744 105 92 0 
895 1 835 742 105 92 0 
896 1 835 741 105 92 0 
897 1 835 739 104 92 0 
898 1 835 738 105 92 0 
899 1 835 737 105 92 0 
900 1 834 725 128 114 0 
901 1 838 739 99 88 0 
902 1 836 737 104 92 0 
903 1 836 738 104 92 0 
904 1 836 738 104 92 0 
905 1 836 738 104 92 0 
906 1 836 738 104 92 0 
907 1 836 738 104 92 0 
908 1 838 738 104 92 0 
909 1 837 737 105 92 0 
910 1 840 738 99 88 0 
911 1 840 737 98 88 0 
912 1 840 736 98 88 0 
913 1 841 735 98 88 0 
914 1 841 736 99 88 0 
915 1 840 733 104 92 0 
916 1 839 721 128 114 0 
917 1 839 721 128 114 0 
918 1 839 723 128 114 0 
919 1 839 723 128 114 0 
920 1 839 725 121 108 0 
921 1 844 728 128 114 0 
922 1 840 727 121 108 0 
923 1 847 742 99 88 0 
924 1 843 728 128 114 0 
925 1 845 741 105 92 0 
926 1 845 730 127 112 0 
927 1 845 729 128 114 0 
928 1 847 729 124 110 0 
929 1 849 737 104 92 0 
930 1 849 735 104 92 0 
931 1 851 735 104 92 0 
932 1 851 735 104 92 0 
933 1 853 735 99 87 0 
934 1 856 738 104 92 0 
935 1 853 735 104 92 0 
936 1 855 735 109 96 0 
937 1 854 727 125 110 0 
938 1 856 738 104 92 0 
939 1 861 741 98 88 0 
940 1 861 742 98 88 0 
941 1 858 741 104 92 0 
942 1 859 741 104 92 0 
943 1 859 742 104 92 0 
944 1 859 741 104 92 0 
945 1 862 743 99 88 0 
946 1 862 742 99 88 0 
947 1 863 741 99 88 0 
948 1 860 738 104 92 0 
949 1 860 737 104 92 0 
950 1 860 737 104 92 0 
951 1 860 737 104 92 0 
952 1 860 737 104 92 0 
953 1 860 737 104 92 0 
954 1 860 737 109 96 0 
955 1 862 738 104 92 0 
956 1 865 741 99 88 0 
957 1 866 742 99 88 0 
958 1 866 743 99 88 0 
959 1 864 741 104 92 0 
960 1 864 742 104 92 0 
961 1 865 743 104 92 0 
962 1 868 744 98 88 0 
963 1 866 742 104 92 0 
964 1 869 743 99 88 0 
965 1 869 743 99 88 0 
966 1 867 740 104 92 0 
967 1 867 740 104 92 0 
968 1 867 740 104 92 0 
969 1 869 740 104 92 0 
970 1 869 740 104 92 0 
971 1 869 740 104 92 0 
972 1 871 742 104 92 0 
973 1 871 742 104 92 0 
974 1 871 742 104 92 0 
975 1 873 744 104 92 0 
976 1 873 744 104 92 0 
977 1 875 744 104 92 0 
978 1 875 744 99 87 0 
979 1 879 745 104 92 0 
980 1 882 743 98 88 0 
981 1 880 741 104 92 0 
982 1 884 743 99 88 0 
983 1 882 740 104 92 0 
984 1 885 742 99 88 0 
985 1 882 740 105 92 0 
986 1 882 740 105 92 0 
987 1 884 741 99 88 0 
988 1 884 741 99 88 0 
989 1 882 739 99 88 0 
990 1 882 739 99 88 0 
991 1 882 739 97 86 0 
992 1 881 737 99 88 0 
993 1 878 737 99 88 0 
994 1 875 735 105 92 0 
995 1 874 735 105 92 0 
996 1 873 735 105 92 0 
997 1 873 735 104 92 0 
998 1 871 735 104 92 0 
999 1 869 735 104 92 0 
1000 1 867 735 104 92 0 
1001 1 868 735 104 92 0 
1002 1 867 735 105 92 0 
1003 1 870 737 99 88 0 
1004 1 869 736 99 88 0 
1005 1 863 734 105 92 0 
1006 1 860 729 108 96 0 
1007 1 859 731 107 94 0 
1008 1 859 734 106 94 0 
1009 1 857 734 106 94 0 
1010 1 857 736 106 94 0 
1011 1 855 736 106 94 0 
1012 1 860 739 98 88 0 
1013 1 853 737 106 94 0 
1014 1 852 737 106 94 0 
1015 1 851 737 105 92 0 
1016 1 851 737 104 92 0 
1017 1 849 737 105 92 0 
1018 1 850 737 104 92 0 
1019 1 847 737 105 92 0 
1020 1 846 736 106 94 0 
1021 1 845 736 106 94 0 
1022 1 846 739 99 88 0 
1023 1 842 737 104 92 0 
1024 1 841 737 104 92 0 
1025 1 839 737 104 92 0 
1026 1 840 738 99 88 0 
1027 1 836 735 106 94 0 
1028 1 835 736 105 92 0 
1029 1 833 735 106 94 0 
1030 1 831 734 106 94 0 
1031 1 830 735 104 92 0 
1032 1 828 734 106 94 0 
1033 1 827 734 106 94 0 
1034 1 825 733 107 94 0 
1035 1 824 734 107 94 0 
1036 1 822 733 107 94 0 
1037 1 821 733 106 94 0 
1038 1 819 734 106 94 0 
1039 1 818 734 106 94 0 
1040 1 816 733 107 94 0 
1041 1 815 733 106 94 0 
1042 1 814 732 107 94 0 
1043 1 812 731 107 94 0 
1044 1 812 730 106 94 0 
1045 1 812 730 106 94 0 
1046 1 812 730 104 92 0 
1047 1 812 730 105 92 0 
1048 1 810 730 105 92 0 
1049 1 810 730 105 92 0 
1050 1 810 730 105 92 0 
1051 1 808 732 105 92 0 
1052 1 808 732 105 92 0 
1053 1 808 734 105 92 0 
1054 1 808 734 105 92 0 
1055 1 808 734 105 92 0 
1056 1 808 734 105 92 0 
1057 1 808 734 105 92 0 
1058 1 808 734 105 92 0 
1059 1 808 732 105 92 0 
1060 1 808 732 105 92 0 
1061 1 808 733 105 92 0 
1062 1 808 733 105 92 0 
1063 1 806 735 100 87 0 
1064 1 808 738 105 92 0 
1065 1 806 737 100 87 0 
1066 1 808 740 105 92 0 
1067 1 806 739 100 87 0 
1068 1 808 742 105 92 0 
1069 1 806 739 105 92 0 
1070 1 809 740 99 88 0 
1071 1 809 740 99 88 0 
1072 1 809 738 99 88 0 
1073 1 807 738 99 88 0 
1074 1 807 736 99 88 0 
1075 1 807 734 103 92 0 
1076 1 805 732 99 88 0 
1077 1 807 734 99 88 0 
1078 1 807 734 99 88 0 
1079 1 806 733 106 94 0 
1080 1 806 735 106 94 0 
1081 1 804 737 106 94 0 
1082 1 804 739 106 94 0 
1083 1 804 741 106 94 0 
1084 1 806 743 106 94 0 
1085 1 806 743 106 94 0 
1086 1 807 742 107 94 0 
1087 1 808 740 107 94 0 
1088 1 807 737 108 96 0 
1089 1 808 735 108 96 0 
1090 1 808 731 108 96 0 
1091 1 808 729 108 96 0 
1092 1 808 725 113 100 0 
1093 1 806 723 108 96 0 
1094 1 810 723 108 96 0 
1095 1 810 723 108 96 0 
1096 1 810 723 108 96 0 
1097 1 810 723 108 96 0 
1098 1 812 726 106 94 0 
1099 1 812 728 105 92 0 
1100 1 812 729 106 94 0 
1101 1 812 730 107 94 0 
1102 1 813 731 106 94 0 
1103 1 813 731 106 94 0 
1104 1 813 733 106 94 0 
1105 1 813 733 106 94 0 
1106 1 813 733 106 94 0 
1107 1 815 733 106 94 0 
1108 1 814 732 106 94 0 
1109 1 814 730 111 98 0 
1110 1 812 728 106 94 0 
1111 1 814 730 106 94 0 
1112 1 814 731 105 92 0 
1113 1 814 731 104 92 0 
1114 1 814 731 104 92 0 
1115 1 812 731 109 96 0 
1116 1 810 731 104 92 0 
1117 1 812 734 105 92 0 
1118 1 812 734 105 92 0 
1119 1 812 735 104 92 0 
1120 1 811 736 105 92 0 
1121 1 810 736 105 92 0 
1122 1 814 738 98 88 0 
1123 1 810 736 104 92 0 
1124 1 810 737 104 92 0 
1125 1 808 736 105 92 0 
1126 1 808 736 105 92 0 
1127 1 808 736 105 92 0 
1128 1 808 735 104 92 0 
1129 1 808 734 104 92 0 
1130 1 808 734 104 92 0 
1131 1 809 735 99 88 0 
1132 1 809 735 98 88 0 
1133 1 809 735 98 88 0 
1134 1 810 735 96 86 0 
1135 1 808 736 97 86 0 
1136 1 808 736 97 86 0 
1137 1 807 735 99 88 0 
1138 1 806 735 99 88 0 
1139 1 806 735 99 88 0 
1140 1 804 735 99 88 0 
1141 1 804 735 99 88 0 
1142 1 805 734 99 88 0 
1143 1 805 733 98 88 0 
1144 1 805 732 98 88 0 
1145 1 805 732 98 88 0 
1146 1 805 732 98 88 0 
1147 1 805 732 98 88 0 
1148 1 805 733 98 88 0 
1149 1 806 734 97 86 0 
1150 1 806 734 96 86 0 
1151 1 806 734 96 86 0 
1152 1 806 734 96 86 0 
1153 1 806 734 96 86 0 
1154 1 807 736 96 86 0 
1155 1 806 735 96 86 0 
1156 1 806 735 96 86 0 
1157 1 806 734 96 86 0 
1158 1 807 735 95 84 0 
1159 1 806 734 96 86 0 
1160 1 807 736 95 84 0 
1161 1 806 736 96 86 0 
1162 1 806 738 96 86 0 
1163 1 806 739 95 84 0 
1164 1 806 740 95 84 0 
1165 1 806 740 95 84 0 
1166 1 806 740 94 84 0 
1167 1 806 740 94 84 0 
1168 1 806 742 90 80 0 
1169 1 806 741 92 82 0 
1170 1 805 741 94 84 0 
1171 1 805 741 94 84 0 
1172 1 804 741 94 84 0 
1173 1 804 741 94 84 0 
1174 1 802 741 94 84 0 
1175 1 802 741 98 88 0 
1176 1 797 741 94 84 0 
1177 1 799 743 94 84 0 
1178 1 802 745 92 82 0 
1179 1 800 745 93 82 0 
1180 1 800 745 93 82 0 
1181 1 798 745 93 82 0 
1182 1 798 745 93 82 0 
1183 1 796 743 93 82 0 
1184 1 796 743 93 82 0 
1185 1 794 741 93 82 0 
1186 1 794 741 93 82 0 
1187 1 792 741 93 82 0 
1188 1 792 741 93 82 0 
1189 1 790 741 93 82 0 
1190 1 790 741 93 82 0 
1191 1 788 741 93 82 0 
1192 1 788 741 93 82 0 
1193 1 786 741 93 82 0 
1194 1 786 741 93 82 0 
1195 1 784 741 93 82 0 
1196 1 782 741 93 82 0 
1197 1 782 741 93 82 0 
1198 1 780 741 93 82 0 
1199 1 778 739 93 82 0 
1200 1 778 739 93 82 0 
1201 1 766 735 107 94 0 
1202 1 765 735 106 94 0 
1203 1 763 735 107 94 0 
1204 1 761 735 107 94 0 
1205 1 759 735 107 94 0 
1206 1 759 735 107 94 0 
1207 1 757 735 107 94 0 
1208 1 755 735 107 94 0 
1209 1 753 735 107 94 0 
1210 1 753 735 107 94 0 
1211 1 751 735 107 94 0 
1212 1 749 735 107 94 0 
1213 1 747 735 107 94 0 
1214 1 747 737 107 94 0 
1215 1 745 737 107 94 0 
1216 1 743 737 107 94 0 
1217 1 743 737 107 94 0 
1218 1 741 737 107 94 0 
1219 1 739 737 107 94 0 
1220 1 739 735 107 94 0 
1221 1 737 735 107 94 0 
1222 1 735 733 107 94 0 
1223 1 735 733 107 94 0 
1224 1 733 731 107 94 0 
1225 1 733 731 107 94 0 
1226 1 731 731 107 94 0 
1227 1 731 731 107 94 0 
1228 1 729 731 107 94 0 
1229 1 729 731 107 94 0 
1230 1 727 733 101 89 0 
1231 1 730 736 107 94 0 
1232 1 727 733 107 94 0 
1233 1 725 735 107 94 0 
1234 1 725 735 107 94 0 
1235 1 723 735 107 94 0 
1236 1 723 735 107 94 0 
1237 1 711 730 117 104 0 
1238 1 710 731 115 102 0 
1239 1 710 730 115 102 0 
1240 1 709 728 117 104 0 
1241 1 709 728 117 104 0 
1242 1 707 728 117 104 0 
1243 1 707 728 117 104 0 
1244 1 705 728 117 104 0 
1245 1 705 730 117 104 0 
1246 1 703 730 117 104 0 
1247 1 703 730 117 104 0 
1248 1 703 730 117 104 0 
1249 1 701 728 117 104 0 
1250 1 701 728 117 104 0 
1251 1 701 726 117 104 0 
1252 1 701 724 117 104 0 
1253 1 701 724 117 104 0 
1254 1 696 722 115 102 1 
1255 1 697 724 113 100 1 
1256 1 696 724 114 102 0 
1257 1 696 723 116 104 0 
1258 1 697 727 113 100 0 
1259 1 696 725 116 104 0 
1260 1 696 725 116 104 0 
1261 1 696 727 115 102 0 
1262 1 696 727 115 102 0 
1263 1 696 727 115 102 0 
1264 1 696 729 115 102 0 
1265 1 696 727 115 102 0 
1266 1 696 727 115 102 0 
1267 1 696 727 115 102 1 
1268 1 696 727 115 102 1 
1269 1 696 727 115 102 1 
1270 1 696 727 115 102 1 
1271 1 696 729 115 102 1 
1272 1 696 729 115 102 1 
1273 1 696 729 115 102 1 
1274 1 696 729 115 102 1 
1275 1 694 729 115 102 1 
1276 1 694 729 120 107 1 
1277 1 691 727 120 107 1 
1278 1 691 727 120 107 1 
1279 1 691 727 115 102 1 
1280 1 694 727 120 107 1 
1281 1 691 725 115 102 1 
1282 1 692 726 112 100 1 
1283 1 692 726 112 100 1 
1284 1 692 726 112 100 1 
1285 1 692 728 112 100 1 
1286 1 692 728 112 100 1 
1287 1 692 730 112 100 1 
1288 1 692 730 112 100 1 
1289 1 692 732 112 100 1 
1290 1 692 732 112 100 1 
1291 1 692 732 112 100 1 
1292 1 690 730 112 100 1 
1293 1 690 730 112 100 1 
1294 1 690 730 112 100 1 
1295 1 690 730 112 100 1 
1296 1 690 728 112 100 1 
1297 1 690 728 112 100 1 
1298 1 690 728 112 100 1 
1299 1 690 728 112 100 1 
1300 1 690 728 112 100 1 
1301 1 690 728 112 100 1 
1302 1 690 728 112 100 1 
1303 1 690 728 112 100 1 
1304 1 690 728 112 100 1 
1305 1 690 726 112 100 1 
1306 1 690 726 112 100 1 
1307 1 690 726 112 100 1 
1308 1 690 724 112 100 1 
1309 1 690 724 112 100 1 
1310 1 690 724 112 100 1 
1311 0 
1312 0 
1313 0 
1314 1 697 732 97 86 0 
1315 1 697 732 97 86 0 
1316 1 697 733 97 86 0 
1317 1 697 733 97 86 0 
1318 1 697 735 97 86 0 
1319 1 697 735 97 86 4 
1320 1 697 733 97 86 4 
1321 1 697 733 97 86 4 
1322 1 697 733 97 86 0 
1323 1 697 733 92 81 0 
1324 1 699 734 97 86 0 
1325 1 697 731 97 86 0 
1326 1 695 731 92 81 0 
1327 1 697 732 97 86 0 
1328 1 695 731 92 81 0 
1329 1 697 734 92 81 0 
1330 1 697 734 97 86 0 
1331 1 693 733 92 81 0 
1332 1 695 736 97 86 0 
1333 1 691 735 92 81 0 
1334 1 693 738 97 86 0 
1335 1 689 735 97 86 0 
1336 1 689 735 97 86 0 
1337 1 689 733 97 86 0 
1338 1 689 733 97 86 0 
1339 1 689 731 97 86 0 
1340 1 687 731 97 86 0 
1341 1 687 731 97 86 0 
1342 1 687 731 97 86 0 
1343 1 687 733 92 81 0 
1344 1 689 736 97 86 0 
1345 1 687 735 92 81 0 
1346 1 689 738 92 81 0 
1347 1 689 738 92 81 0 
1348 1 687 738 97 86 0 
1349 1 685 735 97 86 0 
1350 1 683 735 97 86 0 
1351 1 683 735 97 86 1 
1352 1 683 735 92 81 0 
1353 1 683 736 97 86 0 
1354 1 681 733 92 81 1 
1355 1 683 734 97 86 1 
1356 1 679 731 97 86 1 
1357 1 679 731 97 86 1 
1358 1 679 733 97 86 1 
1359 1 679 735 97 86 1 
1360 1 679 737 92 81 1 
1361 1 679 740 97 86 1 
1362 1 677 739 97 86 1 
1363 1 677 739 97 86 1 
1364 1 677 739 92 81 1 
1365 1 679 740 97 86 1 
1366 1 677 737 92 81 1 
1367 1 677 738 97 86 1 
1368 1 675 735 92 81 1 
1369 1 677 738 92 81 1 
1370 1 677 738 92 81 0 
1371 1 675 736 97 86 0 
1372 1 673 733 97 86 1 
1373 1 673 733 97 86 1 
1374 1 671 733 97 86 1 
1375 1 671 733 97 86 1 
1376 1 671 733 97 86 1 
1377 1 671 733 97 86 1 
1378 1 671 731 101 90 1 
1379 1 666 729 101 90 1 
1380 1 668 729 101 90 1 
1381 1 665 729 101 90 1 
1382 1 665 729 101 90 1 
1383 1 665 729 101 90 0 
1384 1 665 729 101 90 0 
1385 1 662 729 101 90 1 
1386 1 662 731 97 86 0 
1387 1 664 733 97 86 0 
1388 1 664 733 97 86 0 
1389 1 662 733 101 90 0 
1390 1 660 731 101 90 1 
1391 1 660 731 101 90 1 
1392 1 657 731 101 90 0 
1393 1 657 731 101 90 0 
1394 1 657 731 101 90 0 
1395 1 657 731 101 90 0 
1396 1 657 731 101 90 0 
1397 1 654 731 97 86 0 
1398 1 656 731 101 90 0 
1399 1 654 729 101 90 0 
1400 1 654 729 101 90 0 
1401 1 651 729 97 86 0 
1402 1 653 731 97 86 1 
1403 1 653 731 97 86 1 
1404 1 653 731 97 86 0 
1405 1 651 731 97 86 0 
1406 1 651 731 97 86 0 
1407 1 651 731 97 86 0 
1408 1 649 731 97 86 0 
