1 0 
2 0 
3 1 752 750 111 98 0 
4 1 752 751 114 102 0 
5 1 752 753 117 104 0 
6 1 750 752 122 108 0 
7 1 750 752 122 108 4 
8 1 750 752 122 108 4 
9 1 752 752 128 113 0 
10 1 749 750 128 113 0 
11 1 749 750 128 113 0 
12 1 752 750 122 108 0 
13 1 752 750 123 108 0 
14 1 752 750 123 108 0 
15 1 754 750 129 113 0 
16 1 751 748 129 113 0 
17 1 754 747 123 108 0 
18 1 756 748 113 100 0 
19 1 757 748 111 98 0 
20 1 757 748 110 98 0 
21 1 758 748 110 98 0 
22 1 759 750 109 96 0 
23 1 759 750 110 98 0 
24 1 760 751 109 96 0 
25 1 760 753 109 96 0 
26 1 761 752 110 98 0 
27 1 762 754 111 98 0 
28 1 763 753 114 102 0 
29 1 764 752 117 104 0 
30 1 762 750 124 110 0 
31 1 762 748 126 112 0 
32 1 762 746 120 106 0 
33 1 765 747 114 101 0 
34 1 768 750 114 101 0 
35 1 766 747 125 110 2 
36 1 766 747 125 110 0 
37 1 768 747 125 110 2 
38 1 768 747 125 110 0 
39 1 770 747 125 110 2 
40 1 770 747 113 100 2 
41 1 771 745 112 100 2 
42 1 771 745 112 100 2 
43 1 772 745 111 98 0 
44 1 772 744 111 98 0 
45 1 772 743 111 98 2 
46 1 772 741 111 98 2 
47 1 772 741 113 100 2 
48 1 772 740 117 104 2 
49 1 770 738 124 110 0 
50 1 771 738 126 112 0 
51 1 771 739 126 112 0 
52 1 771 739 128 114 3 
53 1 772 740 127 112 0 
54 1 772 740 127 112 0 
55 1 772 742 127 112 3 
56 1 772 742 127 112 3 
57 1 773 742 126 112 0 
58 1 776 742 115 102 2 
59 1 776 741 115 102 2 
60 1 776 741 114 102 2 
61 1 776 741 113 100 2 
62 1 777 741 112 100 2 
63 1 777 741 112 100 2 
64 1 777 741 112 100 2 
65 1 777 741 112 100 2 
66 1 777 741 112 100 0 
67 1 777 741 114 102 0 
68 1 777 744 115 102 2 
69 1 775 745 123 108 2 
70 1 774 745 125 110 0 
71 1 775 746 124 110 2 
72 1 775 746 124 110 0 
73 1 775 748 124 110 2 
74 1 773 748 118 104 0 
75 1 773 750 126 112 0 
76 1 773 750 126 112 0 
77 1 773 750 126 112 0 
78 1 773 752 132 117 0 
79 1 774 751 113 100 0 
80 1 773 750 112 100 0 
81 1 772 749 112 100 0 
82 1 772 750 111 98 0 
83 1 771 748 112 100 0 
84 1 771 749 110 98 0 
85 1 770 749 110 98 0 
86 1 770 749 109 96 0 
87 1 770 751 111 98 0 
88 1 769 752 114 102 0 
89 1 769 754 117 104 0 
90 1 766 755 122 108 0 
91 1 768 760 117 104 0 
92 1 765 761 123 108 0 
93 1 765 763 122 108 4 
94 1 767 766 117 104 0 
95 1 766 767 117 104 0 
96 1 763 765 122 108 4 
97 1 765 766 116 104 0 
98 1 764 764 112 100 0 
99 1 764 763 111 98 0 
100 1 764 763 109 96 0 
101 1 764 761 109 96 0 
102 1 764 759 109 96 0 
103 1 762 757 109 96 0 
104 1 762 755 109 96 0 
105 1 762 753 106 94 0 
106 1 762 751 106 94 0 
107 1 761 750 108 96 0 
108 1 760 750 109 96 0 
109 1 760 748 109 96 0 
110 1 760 748 109 96 0 
111 1 758 748 109 96 0 
112 1 758 746 109 96 0 
113 1 758 746 109 96 0 
114 1 758 748 109 96 0 
115 1 758 748 109 96 0 
116 1 760 750 109 96 0 
117 1 760 752 109 96 2 
118 1 760 754 109 96 2 
119 1 762 756 109 96 2 
120 1 764 755 105 92 2 
121 1 764 753 106 94 2 
122 1 765 752 106 94 2 
123 1 768 754 99 88 2 
124 1 766 750 104 92 2 
125 1 766 748 105 92 2 
126 1 767 746 106 94 2 
127 1 767 745 106 94 2 
128 1 767 746 107 94 2 
129 1 768 747 108 96 2 
130 1 769 747 109 96 2 
131 1 770 748 109 96 0 
132 1 770 746 111 98 0 
133 1 771 747 110 98 2 
134 1 772 746 110 98 2 
135 1 773 745 110 98 0 
136 1 774 745 109 96 2 
137 1 775 744 109 96 2 
138 1 776 742 106 94 2 
139 1 777 742 106 94 2 
140 1 778 742 105 92 2 
141 1 779 741 104 92 0 
142 1 782 743 99 88 2 
143 1 782 742 99 88 2 
144 1 783 743 99 88 2 
145 1 784 744 98 88 2 
146 1 784 742 99 88 2 
147 1 785 743 98 88 2 
148 1 786 745 99 88 2 
149 1 784 744 104 92 2 
150 1 785 743 106 94 2 
151 1 787 744 104 92 2 
152 1 787 744 105 92 2 
153 1 787 744 105 92 2 
154 1 789 744 104 92 2 
155 1 788 743 105 92 0 
156 1 789 743 105 92 2 
157 1 790 741 106 94 0 
158 1 793 744 99 88 2 
159 1 791 740 104 92 2 
160 1 794 741 98 88 2 
161 1 795 740 98 88 2 
162 1 796 740 98 88 2 
163 1 797 739 98 88 2 
164 1 798 738 98 88 2 
165 1 799 738 97 86 2 
166 1 800 736 97 86 2 
167 1 802 734 97 86 2 
168 1 802 732 97 86 2 
169 1 804 732 97 86 2 
170 1 802 730 106 94 0 
171 1 804 732 107 94 2 
172 1 805 733 107 94 2 
173 1 806 734 108 96 2 
174 1 807 736 108 96 0 
175 1 809 738 113 100 2 
176 1 807 740 113 100 2 
177 1 809 740 108 96 0 
178 1 812 742 107 94 2 
179 1 816 746 99 88 0 
180 1 815 745 104 92 2 
181 1 818 747 99 88 2 
182 1 820 747 99 88 2 
183 1 822 749 98 88 2 
184 1 823 750 99 88 0 
185 1 824 750 98 88 0 
186 1 826 751 98 88 0 
187 1 824 750 104 92 0 
188 1 826 751 105 92 4 
189 1 828 752 105 92 0 
190 1 830 752 105 92 0 
191 1 832 750 105 92 0 
192 1 834 750 105 92 2 
193 1 834 750 105 92 0 
194 1 836 750 105 92 2 
195 1 838 750 105 92 2 
196 1 840 750 100 87 2 
197 1 843 754 100 87 2 
198 1 844 755 95 83 2 
199 1 850 758 95 83 2 
200 1 851 761 100 87 2 
201 1 849 760 100 87 2 
202 1 850 761 95 83 2 
203 1 853 764 90 79 2 
204 1 855 767 86 75 2 
205 1 902 806 78 68 0 
206 0 
207 0 
208 0 
209 0 
210 0 
211 0 
212 0 
213 0 
214 0 
215 1 870 750 110 98 0 
216 1 872 748 110 98 4 
217 1 873 747 111 98 4 
218 1 874 746 112 100 4 
219 1 876 746 111 98 4 
220 1 877 745 112 100 4 
221 1 878 745 113 100 4 
222 1 880 744 113 100 0 
223 1 882 743 114 102 0 
224 1 883 743 115 102 0 
225 1 884 742 115 102 0 
226 1 886 743 115 102 0 
227 1 887 742 116 104 0 
228 1 888 742 116 104 0 
229 1 890 742 116 104 0 
230 1 890 742 116 104 0 
231 1 892 742 116 104 0 
232 1 894 742 116 104 0 
233 1 892 741 124 110 0 
234 1 894 741 124 110 0 
235 1 894 741 124 110 0 
236 1 896 741 124 110 0 
237 1 898 741 124 110 0 
238 1 898 741 129 114 0 
239 1 900 741 129 114 0 
240 1 901 740 130 116 0 
241 1 903 742 130 116 0 
242 1 905 742 130 116 0 
243 1 907 742 130 116 0 
244 1 909 744 136 121 4 
245 1 908 742 136 121 4 
246 1 910 742 136 121 4 
247 1 912 744 136 121 4 
248 1 914 744 136 121 4 
249 1 914 741 143 126 4 
250 1 916 741 144 128 0 
251 1 917 740 146 130 0 
252 1 919 740 147 130 4 
253 1 921 739 148 132 4 
254 1 923 739 148 132 4 
255 1 925 739 155 138 4 
256 1 926 736 155 138 4 
257 1 928 736 163 145 4 
258 1 928 730 155 138 4 
259 1 933 732 161 142 4 
260 1 936 730 163 144 4 
261 1 938 728 165 146 4 
262 1 941 728 167 148 4 
263 1 945 727 168 150 4 
264 1 946 725 174 154 4 
265 1 948 724 177 156 4 
266 1 951 724 180 160 4 
267 1 954 723 182 162 4 
268 1 958 724 183 162 4 
269 1 961 723 186 166 4 
270 1 965 723 186 166 4 
271 1 971 725 195 174 4 
272 1 971 723 195 174 4 
273 1 973 721 200 178 4 
274 1 977 721 202 180 4 
275 1 979 720 209 184 4 
276 1 983 719 212 188 4 
277 1 987 719 214 190 4 
278 1 993 721 214 190 4 
279 1 999 721 224 199 4 
280 1 998 719 224 199 4 
281 1 1004 719 235 209 4 
282 1 1005 716 235 209 4 
283 1 1011 716 235 209 4 
284 1 1019 716 247 219 4 
285 1 1017 713 247 219 4 
286 1 1026 713 247 219 4 
287 1 1032 713 260 230 4 
288 1 1032 709 260 230 4 
289 1 1039 709 260 230 4 
290 1 1046 709 273 242 4 
291 1 1045 705 273 242 4 
292 1 1052 705 286 254 4 
293 1 1053 699 286 254 4 
294 1 1061 699 301 267 4 
295 1 1059 695 301 267 4 
296 1 1067 695 316 280 4 
297 1 1067 690 316 280 4 
298 1 1075 692 316 280 4 
299 1 1083 692 331 294 4 
300 1 1085 688 316 280 4 
301 1 1097 695 331 294 4 
302 1 1099 688 348 309 4 
303 1 1099 684 331 294 4 
304 1 1117 691 348 309 4 
305 1 1117 684 366 324 4 
306 1 1118 676 366 324 4 
307 1 1124 679 366 324 4 
308 1 1134 679 384 341 4 
309 1 1135 671 384 341 4 
310 1 1145 674 384 341 4 
311 1 1152 674 403 358 4 
312 0 
313 0 
314 0 
315 0 
316 0 
317 0 
318 0 
319 0 
320 0 
321 0 
322 0 
323 0 
324 0 
325 0 
326 0 
327 0 
328 0 
329 0 
330 0 
331 0 
332 0 
333 0 
334 0 
335 0 
336 0 
337 0 
338 0 
339 0 
340 0 
341 0 
342 0 
343 0 
344 0 
345 0 
346 0 
347 0 
348 0 
349 0 
350 0 
351 0 
352 0 
353 0 
354 0 
355 0 
356 0 
357 0 
358 0 
359 0 
360 0 
361 0 
362 0 
363 0 
364 0 
365 0 
366 0 
367 0 
368 0 
369 0 
370 0 
371 0 
372 0 
373 0 
374 0 
375 0 
376 0 
377 0 
378 0 
379 0 
380 0 
381 0 
382 0 
383 0 
384 0 
385 0 
386 0 
387 0 
388 0 
389 0 
390 0 
391 0 
392 0 
393 0 
394 0 
395 0 
396 0 
397 0 
398 0 
399 0 
400 0 
401 0 
402 0 
403 0 
404 0 
405 0 
406 0 
407 0 
408 0 
409 0 
410 0 
411 0 
412 0 
413 0 
414 0 
415 0 
416 0 
417 0 
418 0 
419 0 
420 0 
421 0 
422 0 
423 0 
424 0 
425 0 
426 0 
427 0 
428 0 
429 0 
430 0 
431 0 
432 0 
433 0 
434 0 
435 0 
436 0 
437 0 
438 0 
439 0 
440 0 
441 0 
442 0 
443 0 
444 0 
445 0 
446 0 
447 0 
448 0 
449 0 
450 0 
451 0 
452 0 
453 0 
454 0 
455 0 
456 0 
457 0 
458 0 
459 0 
460 0 
461 0 
462 0 
463 0 
464 0 
465 0 
466 0 
467 0 
468 0 
469 0 
470 0 
471 0 
472 0 
473 0 
474 0 
475 0 
476 0 
477 0 
478 0 
479 0 
480 0 
481 0 
482 0 
483 0 
484 0 
485 0 
486 0 
487 0 
488 0 
489 0 
490 0 
491 0 
492 0 
493 0 
494 0 
495 0 
496 0 
497 0 
498 0 
499 0 
500 0 
501 0 
502 0 
503 0 
504 0 
505 0 
506 0 
507 0 
508 0 
509 0 
510 0 
511 0 
512 0 
513 0 
514 0 
515 0 
516 0 
517 0 
518 0 
519 0 
520 0 
521 0 
522 0 
523 0 
524 0 
525 0 
526 0 
527 0 
528 0 
529 0 
530 0 
531 0 
532 0 
533 0 
534 0 
535 0 
536 0 
537 0 
538 0 
539 0 
540 0 
541 0 
542 0 
543 0 
544 0 
545 0 
546 0 
547 0 
548 0 
549 0 
550 0 
551 0 
552 0 
553 0 
554 0 
555 0 
556 0 
557 0 
558 0 
559 0 
560 0 
561 0 
562 0 
563 0 
564 0 
565 0 
566 0 
567 0 
568 0 
569 0 
570 0 
571 0 
572 0 
573 0 
574 0 
575 0 
576 0 
577 0 
578 0 
579 0 
580 0 
581 0 
582 0 
583 0 
584 0 
585 0 
586 0 
587 0 
588 0 
589 0 
590 0 
591 0 
592 0 
593 0 
594 0 
595 0 
596 0 
597 0 
598 0 
599 0 
600 0 
601 0 
602 0 
603 0 
604 0 
605 0 
606 0 
607 0 
608 0 
609 0 
610 0 
611 0 
612 0 
613 0 
614 0 
615 0 
616 0 
617 0 
618 0 
619 0 
620 0 
621 0 
622 0 
623 0 
624 0 
625 0 
626 0 
627 0 
628 0 
629 0 
630 0 
631 0 
632 0 
633 0 
634 0 
635 0 
636 0 
637 0 
638 0 
639 0 
640 0 
641 0 
642 0 
643 0 
644 0 
645 0 
646 0 
647 0 
648 0 
649 0 
650 0 
651 0 
652 0 
653 0 
654 0 
655 0 
656 0 
657 0 
658 0 
659 0 
660 0 
661 0 
662 0 
663 0 
664 0 
665 0 
666 0 
667 0 
668 0 
669 0 
670 0 
671 0 
672 0 
673 0 
674 0 
675 0 
676 0 
677 0 
678 0 
679 0 
680 0 
681 0 
682 0 
683 0 
684 0 
685 0 
686 0 
687 0 
688 0 
689 0 
690 0 
691 0 
692 0 
693 0 
694 0 
695 0 
696 0 
697 0 
698 0 
699 0 
700 0 
701 0 
702 0 
703 0 
704 0 
705 0 
706 0 
707 0 
708 0 
709 0 
710 0 
711 0 
712 0 
713 0 
714 0 
715 0 
716 0 
717 0 
718 0 
719 0 
720 0 
721 0 
722 0 
723 0 
724 0 
725 0 
726 0 
727 0 
728 0 
729 0 
730 0 
731 0 
732 0 
733 0 
734 0 
735 0 
736 0 
737 0 
738 0 
739 0 
740 0 
741 0 
742 0 
743 0 
744 0 
745 0 
746 0 
747 0 
748 0 
749 0 
750 0 
751 0 
752 0 
753 0 
754 0 
755 0 
756 0 
757 0 
758 0 
759 0 
760 0 
761 0 
762 0 
763 0 
764 0 
765 0 
766 0 
767 0 
768 0 
769 0 
770 0 
771 0 
772 0 
773 0 
774 0 
775 0 
776 0 
777 0 
778 0 
779 0 
780 0 
781 0 
782 0 
783 0 
784 0 
785 0 
786 0 
787 0 
788 0 
789 0 
790 0 
791 0 
792 0 
793 0 
794 0 
795 0 
796 0 
797 0 
798 0 
799 0 
800 0 
801 0 
802 0 
803 0 
804 0 
805 0 
806 0 
807 0 
808 0 
809 0 
810 0 
811 0 
812 0 
813 0 
814 0 
815 0 
816 0 
817 0 
818 0 
819 0 
820 0 
821 0 
822 0 
823 0 
824 0 
825 0 
826 0 
827 0 
828 0 
829 0 
830 0 
831 0 
832 0 
833 0 
834 0 
835 0 
836 0 
837 0 
838 0 
839 0 
840 0 
841 0 
842 0 
843 0 
844 0 
845 0 
846 0 
847 0 
848 0 
849 0 
850 0 
851 0 
852 0 
853 0 
854 0 
855 0 
856 0 
857 0 
858 0 
859 0 
860 0 
861 0 
862 0 
863 0 
864 0 
865 0 
866 0 
867 0 
868 0 
869 0 
870 0 
871 0 
872 0 
873 0 
874 0 
875 0 
876 0 
877 0 
878 0 
879 0 
880 0 
881 0 
882 0 
883 0 
884 0 
885 0 
886 0 
887 0 
888 0 
889 0 
890 0 
891 0 
892 0 
893 0 
894 0 
895 0 
896 0 
897 0 
898 0 
899 0 
900 0 
901 0 
902 0 
903 0 
904 0 
905 0 
906 0 
907 0 
908 0 
909 0 
910 0 
911 0 
912 0 
913 0 
914 0 
915 0 
916 0 
917 0 
918 0 
919 0 
920 0 
921 0 
922 0 
923 0 
924 0 
925 0 
926 0 
927 0 
928 0 
929 0 
930 0 
931 0 
932 0 
933 0 
934 0 
935 0 
936 0 
937 0 
938 0 
939 0 
940 0 
941 0 
942 0 
943 0 
944 0 
945 0 
946 0 
947 0 
948 0 
949 0 
950 0 
951 0 
952 0 
953 0 
954 0 
955 0 
956 0 
957 0 
958 0 
959 0 
960 0 
961 0 
962 0 
963 0 
964 0 
965 0 
966 0 
967 0 
968 0 
969 0 
970 0 
971 0 
972 0 
973 0 
974 0 
975 0 
976 0 
977 0 
978 0 
979 0 
980 0 
981 0 
982 0 
983 0 
984 0 
985 0 
986 0 
987 0 
988 0 
989 0 
990 0 
991 0 
992 0 
993 0 
994 0 
995 0 
996 0 
997 0 
998 0 
999 0 
1000 0 
1001 0 
1002 0 
1003 0 
1004 0 
1005 0 
1006 0 
1007 0 
1008 0 
1009 0 
1010 0 
1011 0 
1012 0 
1013 0 
1014 0 
1015 0 
1016 0 
1017 0 
1018 0 
1019 0 
1020 0 
1021 0 
1022 0 
1023 0 
1024 0 
1025 0 
1026 0 
1027 0 
1028 0 
1029 0 
1030 0 
1031 0 
1032 0 
1033 0 
1034 0 
1035 0 
1036 0 
1037 0 
1038 0 
1039 0 
1040 0 
1041 0 
1042 0 
1043 0 
1044 0 
1045 0 
1046 0 
1047 0 
1048 0 
1049 0 
1050 0 
1051 0 
1052 0 
1053 0 
1054 0 
1055 0 
1056 0 
1057 0 
1058 0 
1059 0 
1060 0 
1061 0 
1062 0 
1063 0 
1064 0 
1065 0 
1066 0 
1067 0 
1068 0 
1069 0 
1070 0 
1071 0 
1072 0 
1073 0 
1074 0 
1075 0 
1076 0 
1077 0 
1078 0 
1079 0 
1080 0 
1081 0 
1082 0 
1083 0 
1084 0 
1085 0 
1086 0 
1087 0 
1088 0 
1089 0 
1090 0 
1091 0 
1092 0 
1093 0 
1094 0 
1095 0 
1096 0 
1097 0 
1098 0 
1099 0 
1100 0 
1101 0 
1102 0 
1103 0 
1104 0 
1105 0 
1106 0 
1107 0 
1108 0 
1109 0 
1110 0 
1111 0 
1112 0 
1113 0 
1114 0 
1115 0 
1116 0 
1117 0 
1118 0 
1119 0 
1120 0 
1121 0 
1122 0 
1123 0 
1124 0 
1125 0 
1126 0 
1127 1 1085 745 210 186 0 
1128 1 1082 746 209 184 0 
1129 1 1079 746 208 184 0 
1130 1 1079 748 202 180 0 
1131 1 1075 748 202 180 0 
1132 1 1073 748 202 180 0 
1133 1 1069 750 202 180 0 
1134 1 1067 750 202 180 0 
1135 1 1063 748 202 180 0 
1136 1 1060 749 199 176 0 
1137 1 1057 748 199 176 0 
1138 1 1053 747 199 176 0 
1139 1 1050 747 197 174 0 
1140 1 1047 746 195 172 0 
1141 1 1043 744 197 174 4 
1142 1 1040 743 196 174 0 
1143 1 1037 742 195 172 0 
1144 1 1033 742 195 172 0 
1145 1 1029 742 195 172 0 
1146 1 1025 742 195 172 0 
1147 1 1023 742 195 172 4 
1148 1 1019 744 195 172 4 
1149 1 1015 744 195 172 4 
1150 1 1011 746 195 172 4 
1151 1 1007 748 185 163 4 
1152 1 1009 752 186 166 0 
1153 1 1002 751 191 168 0 
1154 1 1002 752 186 166 0 
1155 1 999 753 184 164 0 
1156 1 995 753 184 164 0 
1157 1 992 753 183 162 0 
1158 1 988 751 185 164 0 
1159 1 984 749 185 164 0 
1160 1 980 749 185 164 0 
1161 1 976 747 185 164 0 
1162 1 974 745 185 164 0 
1163 1 970 743 185 164 0 
1164 1 966 741 185 164 0 
1165 1 964 742 180 160 0 
1166 1 960 741 180 160 0 
1167 1 957 740 181 160 0 
1168 1 954 739 180 160 4 
1169 1 950 739 180 160 0 
1170 1 945 739 179 158 0 
1171 1 941 739 179 158 0 
1172 1 937 741 170 150 0 
1173 1 937 745 170 150 0 
1174 1 933 745 179 158 0 
1175 1 925 741 179 158 0 
1176 1 919 743 170 150 0 
1177 1 919 747 179 158 0 
1178 1 911 745 170 150 0 
1179 1 909 749 174 154 0 
1180 1 905 751 174 154 0 
1181 1 901 753 174 154 0 
1182 1 899 756 169 150 0 
1183 1 895 758 168 150 0 
1184 1 890 758 168 150 0 
1185 1 887 761 167 148 0 
1186 1 883 761 166 148 0 
1187 1 879 763 166 148 0 
1188 1 875 762 166 148 0 
1189 1 872 763 165 146 0 
1190 1 868 763 164 146 0 
1191 1 864 763 163 144 0 
1192 1 860 764 163 144 0 
1193 1 856 763 163 144 0 
1194 1 852 761 163 144 0 
1195 1 848 761 163 144 0 
1196 1 845 759 162 144 0 
1197 1 842 759 161 142 0 
1198 1 839 759 160 142 0 
1199 1 836 759 159 140 0 
1200 1 833 758 160 142 0 
1201 1 830 758 159 140 0 
1202 1 827 759 158 140 0 
1203 1 824 760 157 138 0 
1204 1 820 760 157 138 0 
1205 1 818 760 157 138 0 
1206 1 815 759 156 138 0 
1207 1 812 761 157 138 0 
1208 1 812 762 151 134 0 
1209 1 809 762 151 134 0 
1210 1 807 763 149 132 0 
1211 1 804 764 151 134 0 
1212 1 802 766 149 132 0 
1213 1 800 766 149 132 0 
1214 1 797 767 148 132 0 
1215 1 795 767 148 132 0 
1216 1 792 767 149 132 0 
1217 1 791 769 147 130 0 
1218 1 789 768 146 130 0 
1219 1 787 767 146 130 0 
1220 1 785 766 146 130 0 
1221 1 784 765 145 128 0 
1222 1 782 762 145 128 0 
1223 1 780 759 145 128 0 
1224 1 778 755 145 128 0 
1225 1 777 753 144 128 0 
1226 1 776 752 143 126 0 
1227 1 774 748 143 126 0 
1228 1 772 746 143 126 0 
1229 1 772 745 142 126 0 
1230 1 771 743 142 126 0 
1231 1 771 742 140 124 0 
1232 1 771 744 140 124 0 
1233 1 771 743 140 124 0 
1234 1 772 745 139 122 0 
1235 1 775 748 134 120 0 
1236 1 773 746 140 124 0 
1237 1 773 747 140 124 0 
1238 1 774 751 139 122 0 
1239 1 777 753 134 120 0 
1240 1 777 753 134 120 0 
1241 1 778 754 132 118 0 
1242 1 777 753 132 118 0 
1243 1 777 752 132 118 0 
1244 1 777 752 132 118 0 
1245 1 776 751 131 116 0 
1246 1 776 751 131 116 0 
1247 1 774 749 131 116 0 
1248 1 774 749 131 116 0 
1249 1 774 749 131 116 0 
1250 1 774 751 129 114 0 
1251 1 773 750 130 116 0 
1252 1 772 750 129 114 0 
1253 1 772 750 129 114 0 
1254 1 772 750 129 114 0 
1255 1 772 751 127 112 0 
1256 1 771 749 128 114 0 
1257 1 770 748 129 114 0 
1258 1 770 748 127 112 0 
1259 1 770 748 126 112 0 
1260 1 770 747 126 112 0 
1261 1 769 746 126 112 0 
1262 1 769 748 126 112 0 
1263 1 769 748 126 112 0 
1264 1 769 749 125 110 0 
1265 1 768 749 126 112 0 
1266 1 768 751 125 110 0 
1267 1 768 751 125 110 0 
1268 1 768 752 124 110 0 
1269 1 768 752 123 108 0 
1270 1 768 752 123 108 0 
1271 1 767 751 124 110 0 
1272 1 767 751 124 110 0 
1273 1 767 751 124 110 0 
1274 1 767 751 124 110 0 
1275 1 765 751 124 110 0 
1276 1 766 750 122 108 0 
1277 1 768 752 117 104 0 
1278 1 768 752 117 104 0 
1279 1 768 752 117 104 0 
1280 1 765 749 122 108 0 
1281 1 768 752 115 102 0 
1282 1 767 752 116 104 0 
1283 1 766 752 117 104 0 
1284 1 766 752 116 104 0 
1285 1 766 754 115 102 0 
1286 1 766 755 115 102 0 
1287 1 766 755 115 102 0 
1288 1 766 755 115 102 0 
1289 1 766 755 115 102 0 
1290 1 766 755 115 102 0 
1291 1 766 755 115 102 0 
1292 1 764 755 115 102 0 
1293 1 764 755 115 102 0 
1294 1 764 754 115 102 0 
1295 1 764 753 114 102 0 
1296 1 765 753 113 100 0 
1297 1 764 751 114 102 0 
1298 1 764 751 113 100 0 
1299 1 764 751 113 100 0 
1300 1 764 751 113 100 0 
1301 1 764 751 113 100 0 
1302 1 764 751 113 100 0 
1303 1 764 753 113 100 0 
1304 1 764 754 112 100 0 
1305 1 764 754 112 100 0 
1306 1 764 757 111 98 0 
1307 1 764 758 111 98 0 
1308 1 764 758 111 98 0 
1309 1 764 758 111 98 0 
1310 1 764 758 111 98 0 
1311 1 764 757 111 98 0 
1312 1 764 756 111 98 0 
1313 1 764 755 111 98 0 
1314 1 764 754 110 98 0 
1315 1 763 753 111 98 0 
1316 1 764 753 110 98 0 
1317 1 764 752 110 98 0 
1318 1 764 753 109 96 0 
1319 1 764 752 109 96 0 
1320 1 764 752 109 96 0 
1321 1 764 752 109 96 0 
1322 1 764 752 109 96 0 
1323 1 764 752 109 96 0 
1324 1 764 752 109 96 0 
1325 1 764 751 109 96 0 
1326 1 764 751 109 96 0 
1327 1 764 751 108 96 0 
1328 1 764 751 108 96 0 
1329 1 764 750 108 96 0 
1330 1 764 751 108 96 0 
1331 1 765 752 107 94 0 
1332 1 765 752 107 94 0 
1333 1 765 753 107 94 0 
1334 1 766 753 106 94 0 
1335 1 764 754 107 94 0 
1336 1 765 754 105 92 0 
1337 1 765 752 106 94 0 
1338 1 765 753 106 94 0 
1339 1 765 752 106 94 0 
1340 1 766 751 104 92 0 
1341 1 766 751 104 92 0 
1342 1 766 749 104 92 0 
1343 1 766 749 104 92 0 
1344 1 766 748 104 92 0 
1345 1 766 749 104 92 0 
1346 1 766 748 104 92 0 
1347 1 768 750 99 88 0 
1348 1 767 751 99 88 0 
1349 1 767 751 99 88 0 
1350 1 767 753 99 88 0 
1351 1 767 753 99 88 0 
1352 1 767 753 99 88 0 
1353 1 766 755 99 88 0 
1354 1 766 756 99 88 0 
1355 1 766 755 99 88 0 
1356 1 766 755 99 88 0 
1357 1 766 754 99 88 0 
1358 1 766 753 98 88 0 
1359 1 766 753 98 88 0 
1360 1 766 753 98 88 0 
1361 1 766 753 98 88 0 
1362 1 766 754 97 86 0 
1363 1 766 756 97 86 0 
1364 1 766 755 97 86 0 
1365 1 766 755 97 86 0 
1366 1 766 754 98 88 0 
1367 1 766 754 97 86 0 
1368 1 766 754 97 86 0 
1369 1 766 752 97 86 0 
1370 1 766 752 97 86 0 
1371 1 766 751 97 86 0 
1372 1 766 752 97 86 0 
1373 1 766 751 97 86 0 
1374 1 767 752 96 86 0 
1375 1 767 753 95 84 0 
1376 1 767 755 95 84 0 
1377 1 768 757 95 84 0 
1378 1 767 756 96 86 0 
1379 1 767 756 96 86 0 
1380 1 767 757 95 84 0 
1381 1 767 758 95 84 0 
1382 1 767 758 95 84 0 
1383 1 768 757 94 84 0 
1384 1 768 757 94 84 0 
1385 1 768 757 94 84 0 
1386 1 768 757 94 84 0 
1387 1 769 758 93 82 0 
1388 1 770 757 92 82 0 
1389 1 770 756 93 82 0 
1390 1 770 756 92 82 0 
1391 1 770 757 92 82 0 
1392 1 770 756 93 82 0 
1393 1 770 756 92 82 0 
1394 1 770 755 93 82 0 
1395 1 771 755 92 82 0 
1396 1 772 756 91 80 0 
1397 1 772 755 91 80 0 
1398 1 772 755 91 80 0 
1399 1 772 755 91 80 0 
1400 1 771 755 92 82 0 
1401 1 771 755 91 80 0 
1402 1 771 755 91 80 0 
1403 1 771 755 91 80 0 
1404 1 771 756 90 80 0 
1405 1 772 757 89 78 0 
1406 1 772 757 88 78 0 
1407 1 771 757 88 78 0 
1408 1 770 757 89 78 0 
1409 1 772 757 88 78 0 
1410 1 770 756 89 78 0 
1411 1 770 756 89 78 0 
1412 1 770 755 89 78 0 
1413 1 770 755 89 78 0 
1414 1 770 755 89 78 0 
1415 1 770 756 87 76 0 
1416 1 769 755 88 78 0 
1417 1 769 755 88 78 0 
1418 1 769 755 88 78 0 
1419 1 769 755 88 78 0 
1420 1 769 753 88 78 0 
1421 1 769 753 88 78 0 
1422 1 767 751 88 78 0 
1423 1 767 751 88 78 0 
1424 1 767 751 88 78 0 
1425 1 767 751 88 78 0 
1426 1 767 751 88 78 0 
1427 1 767 751 88 78 0 
1428 1 767 753 88 78 0 
1429 1 767 751 88 78 0 
1430 1 767 751 88 78 0 
1431 1 767 751 88 78 0 
1432 1 767 751 88 78 0 
1433 1 767 751 88 78 0 
1434 1 767 751 88 78 0 
1435 1 767 751 88 78 0 
1436 1 767 751 88 78 0 
1437 1 767 751 88 78 0 
1438 1 767 751 88 78 0 
1439 1 767 751 88 78 0 
1440 1 767 751 88 78 0 
1441 1 767 751 88 78 0 
1442 1 767 751 88 78 0 
1443 1 767 751 88 78 0 
1444 1 767 753 88 78 0 
1445 1 767 751 88 78 0 
1446 1 767 753 88 78 0 
1447 1 767 753 88 78 0 
1448 1 767 753 88 78 0 
1449 1 767 753 88 78 0 
1450 1 767 753 88 78 0 
1451 1 767 755 88 78 0 
1452 1 767 755 88 78 0 
1453 1 767 755 88 78 0 
1454 1 767 755 88 78 0 
1455 1 767 755 88 78 0 
1456 1 767 755 88 78 0 
1457 1 767 755 88 78 0 
1458 1 767 755 88 78 0 
1459 1 767 755 88 78 0 
1460 1 767 753 88 78 0 
1461 1 767 753 88 78 0 
1462 1 767 753 88 78 0 
1463 1 767 753 88 78 0 
1464 1 767 753 88 78 0 
1465 1 767 755 88 78 0 
1466 1 767 755 88 78 0 
1467 1 765 755 88 78 0 
1468 1 765 757 88 78 0 
1469 1 765 757 88 78 0 
1470 1 765 757 88 78 0 
1471 1 765 757 88 78 0 
1472 1 765 757 88 78 0 
1473 1 765 757 88 78 0 
1474 1 765 755 88 78 0 
1475 1 765 755 88 78 0 
1476 1 765 753 88 78 0 
1477 1 765 753 88 78 0 
1478 1 765 751 88 78 0 
1479 1 765 751 88 78 0 
1480 1 765 749 88 78 0 
1481 1 765 749 88 78 0 
1482 1 765 749 88 78 0 
1483 1 765 749 88 78 0 
1484 1 765 749 88 78 0 
1485 1 765 749 88 78 0 
1486 1 763 749 88 78 0 
1487 1 763 749 88 78 0 
1488 1 763 749 88 78 0 
1489 1 763 749 88 78 0 
1490 1 763 749 88 78 0 
1491 1 763 751 88 78 0 
1492 1 763 751 88 78 0 
1493 1 763 751 88 78 0 
1494 1 763 751 88 78 0 
1495 1 763 751 88 78 0 
1496 1 763 751 88 78 0 
1497 1 763 751 88 78 0 
1498 1 763 753 88 78 0 
1499 1 763 753 88 78 0 
1500 1 761 755 88 78 0 
1501 1 761 753 88 78 0 
1502 1 761 753 88 78 0 
1503 1 761 753 88 78 0 
1504 1 761 753 88 78 0 
1505 1 761 751 88 78 0 
1506 1 761 749 88 78 0 
1507 1 761 749 88 78 0 
1508 1 761 749 88 78 0 
1509 1 761 749 88 78 0 
1510 1 761 749 88 78 0 
1511 1 761 749 88 78 0 
1512 1 761 749 88 78 2 
1513 1 761 749 88 78 0 
1514 1 761 751 88 78 0 
1515 1 761 751 88 78 0 
1516 1 761 753 88 78 0 
1517 1 761 753 88 78 0 
1518 1 759 753 88 78 0 
1519 1 759 755 88 78 0 
1520 1 759 755 88 78 0 
1521 1 759 753 88 78 0 
1522 1 759 753 88 78 0 
1523 1 759 753 88 78 0 
1524 1 759 753 88 78 0 
1525 1 759 751 88 78 0 
1526 1 759 751 88 78 0 
1527 1 759 751 88 78 0 
1528 1 759 751 88 78 0 
1529 1 759 751 88 78 0 
1530 1 759 753 88 78 0 
1531 1 759 753 88 78 0 
1532 1 759 753 88 78 0 
1533 1 759 755 88 78 0 
1534 1 759 755 88 78 0 
1535 1 759 755 88 78 0 
1536 1 759 755 88 78 0 
1537 1 759 753 88 78 0 
1538 1 759 753 88 78 0 
1539 1 759 753 88 78 0 
1540 1 759 753 88 78 0 
1541 1 759 751 88 78 0 
1542 1 759 751 88 78 0 
1543 1 759 751 88 78 0 
1544 1 759 751 88 78 0 
1545 1 759 751 88 78 0 
1546 1 759 751 88 78 0 
1547 1 759 753 88 78 0 
1548 1 759 753 88 78 0 
1549 1 759 755 88 78 0 
1550 1 759 755 88 78 0 
1551 1 759 755 88 78 0 
1552 1 759 755 88 78 0 
1553 1 759 755 88 78 0 
1554 1 759 753 88 78 0 
1555 1 759 753 88 78 0 
1556 1 759 753 88 78 0 
1557 1 759 751 88 78 0 
1558 1 759 751 88 78 0 
1559 1 759 749 88 78 0 
1560 1 759 749 88 78 0 
1561 1 759 749 88 78 0 
1562 1 759 749 88 78 0 
1563 1 759 749 88 78 0 
1564 1 759 749 88 78 0 
1565 1 759 751 88 78 0 
1566 1 759 751 88 78 0 
1567 1 759 751 88 78 0 
1568 1 759 753 88 78 0 
1569 1 759 753 88 78 0 
1570 1 759 753 88 78 0 
1571 1 759 751 88 78 0 
1572 1 759 751 88 78 0 
1573 1 759 749 88 78 0 
1574 1 759 747 88 78 0 
1575 1 759 745 88 78 0 
1576 1 759 743 88 78 0 
1577 1 759 743 88 78 0 
1578 1 759 741 88 78 0 
1579 1 759 741 88 78 0 
1580 1 759 743 88 78 0 
1581 1 759 745 88 78 0 
1582 1 759 745 88 78 0 
1583 1 759 747 88 78 0 
1584 1 759 749 88 78 0 
1585 1 759 749 88 78 0 
1586 1 759 751 88 78 0 
1587 1 759 751 88 78 0 
1588 1 759 751 88 78 0 
1589 1 759 749 88 78 0 
1590 1 759 749 88 78 0 
1591 1 759 747 88 78 0 
1592 1 759 747 88 78 0 
1593 1 759 745 88 78 0 
1594 1 759 745 88 78 0 
1595 1 759 743 88 78 0 
1596 1 759 743 88 78 0 
1597 1 759 743 88 78 0 
1598 1 759 743 88 78 0 
1599 1 759 741 88 78 0 
1600 1 759 743 88 78 0 
1601 1 759 743 88 78 0 
1602 1 759 743 88 78 0 
1603 1 761 745 88 78 0 
1604 1 761 747 88 78 0 
1605 1 761 747 88 78 0 
1606 1 761 747 88 78 0 
1607 1 761 749 88 78 0 
1608 1 761 749 88 78 0 
1609 1 761 751 88 78 0 
1610 1 761 749 88 78 0 
1611 1 761 751 88 78 0 
1612 1 761 749 88 78 0 
1613 1 761 749 88 78 0 
1614 1 761 749 88 78 0 
1615 1 761 749 88 78 0 
1616 1 761 749 88 78 0 
1617 1 761 749 88 78 0 
1618 1 761 749 88 78 0 
1619 1 761 749 88 78 0 
1620 1 761 751 88 78 0 
1621 1 761 751 88 78 0 
1622 1 761 751 88 78 0 
1623 1 761 749 88 78 0 
1624 1 761 751 88 78 0 
1625 1 761 749 88 78 0 
1626 1 761 749 88 78 0 
1627 1 763 749 88 78 0 
1628 1 763 749 88 78 0 
1629 1 763 747 88 78 0 
1630 1 763 749 88 78 0 
1631 1 763 749 88 78 0 
1632 1 763 749 88 78 0 
1633 1 763 751 88 78 0 
1634 1 763 751 88 78 0 
1635 1 763 751 88 78 0 
1636 1 763 753 88 78 0 
1637 1 763 753 88 78 0 
1638 1 763 753 88 78 0 
1639 1 763 755 88 78 0 
1640 1 763 755 88 78 0 
1641 1 763 755 88 78 0 
1642 1 763 755 88 78 0 
1643 1 763 753 88 78 0 
1644 1 763 753 88 78 0 
1645 1 763 751 88 78 0 
1646 1 763 751 88 78 0 
1647 1 765 749 88 78 0 
1648 1 765 749 88 78 0 
1649 1 765 749 88 78 0 
1650 1 765 749 88 78 0 
1651 1 765 749 88 78 0 
1652 1 765 751 88 78 0 
1653 1 765 751 88 78 0 
1654 1 765 751 88 78 0 
1655 1 765 753 88 78 0 
1656 1 765 751 88 78 0 
1657 1 765 751 88 78 0 
1658 1 765 751 88 78 0 
1659 1 765 749 88 78 0 
1660 1 765 749 88 78 0 
1661 1 765 749 88 78 0 
1662 1 765 749 88 78 0 
1663 1 765 749 88 78 0 
1664 1 765 749 88 78 0 
1665 1 765 749 88 78 0 
1666 1 765 751 88 78 0 
1667 1 765 751 88 78 0 
1668 1 765 751 88 78 0 
1669 1 765 751 88 78 0 
1670 1 765 753 88 78 0 
1671 1 765 753 88 78 0 
1672 1 765 753 88 78 0 
1673 1 765 753 88 78 0 
1674 1 765 753 88 78 0 
1675 1 765 751 88 78 0 
1676 1 765 751 88 78 0 
1677 1 765 751 88 78 0 
1678 1 765 751 88 78 0 
1679 1 767 749 88 78 0 
1680 1 767 747 88 78 0 
1681 1 767 747 88 78 0 
1682 1 767 745 88 78 0 
1683 1 767 745 88 78 0 
1684 1 767 745 88 78 0 
1685 1 767 743 88 78 0 
1686 1 767 743 88 78 0 
1687 1 767 745 88 78 0 
1688 1 767 745 88 78 0 
1689 1 767 745 88 78 0 
1690 1 767 747 88 78 0 
1691 1 767 745 88 78 0 
1692 1 767 745 88 78 0 
1693 1 765 743 88 78 0 
1694 1 765 743 88 78 0 
1695 1 765 745 88 78 0 
1696 1 765 743 88 78 0 
1697 1 765 743 88 78 0 
1698 1 765 745 88 78 0 
1699 1 765 745 88 78 0 
1700 1 765 745 88 78 0 
1701 1 763 747 88 78 0 
1702 1 763 747 88 78 0 
1703 1 763 745 88 78 0 
1704 1 763 747 88 78 0 
1705 1 763 747 88 78 0 
1706 1 763 747 88 78 0 
1707 1 763 749 88 78 0 
1708 1 763 749 88 78 0 
1709 1 761 749 88 78 0 
1710 1 761 751 88 78 0 
1711 1 761 751 88 78 0 
1712 1 759 749 88 78 0 
1713 1 759 749 88 78 0 
1714 1 757 749 88 78 0 
1715 1 757 747 88 78 0 
1716 1 755 745 88 78 0 
1717 1 755 745 88 78 0 
1718 1 753 741 88 78 0 
1719 1 751 737 88 78 0 
1720 1 751 743 88 78 0 
1721 1 749 741 88 78 0 
1722 1 749 741 88 78 0 
1723 1 747 745 88 78 0 
1724 1 747 743 88 78 0 
1725 1 745 745 88 78 0 
1726 1 745 749 88 78 0 
1727 1 743 749 88 78 0 
1728 1 743 749 88 78 0 
1729 1 741 751 88 78 0 
1730 1 741 751 88 78 0 
1731 1 739 751 88 78 0 
1732 1 739 753 88 78 0 
1733 1 737 751 88 78 0 
1734 1 737 751 88 78 0 
1735 1 737 751 88 78 0 
1736 1 735 749 88 78 0 
1737 1 735 747 88 78 0 
1738 1 733 747 88 78 0 
1739 1 733 745 88 78 0 
1740 1 733 743 88 78 0 
1741 1 731 743 88 78 0 
1742 1 731 743 88 78 0 
1743 1 731 743 88 78 0 
1744 1 731 745 88 78 0 
1745 1 731 745 88 78 0 
1746 1 731 745 88 78 0 
1747 1 731 749 88 78 0 
1748 1 731 749 88 78 0 
1749 1 731 749 88 78 0 
1750 1 731 749 88 78 0 
1751 1 731 749 88 78 0 
1752 1 731 749 88 78 0 
1753 1 731 747 88 78 0 
1754 1 731 749 88 78 0 
1755 1 731 747 88 78 0 
1756 1 731 747 88 78 0 
1757 1 731 747 88 78 0 
1758 1 731 743 88 78 0 
1759 1 731 743 88 78 0 
1760 1 731 743 88 78 0 
1761 1 731 741 88 78 0 
1762 1 731 743 88 78 0 
1763 1 731 743 88 78 0 
1764 1 731 745 88 78 0 
1765 1 731 745 88 78 0 
1766 1 731 747 88 78 0 
1767 1 731 749 88 78 0 
1768 1 731 749 88 78 0 
1769 1 731 749 88 78 0 
1770 1 731 751 88 78 0 
1771 1 731 751 88 78 0 
1772 1 731 751 88 78 0 
1773 1 731 751 88 78 0 
1774 1 731 751 88 78 0 
1775 1 731 751 88 78 0 
1776 1 731 749 88 78 0 
1777 1 731 749 88 78 0 
1778 1 731 749 88 78 0 
1779 1 731 747 88 78 0 
1780 1 731 747 88 78 0 
1781 1 731 747 88 78 0 
1782 1 731 745 88 78 0 
1783 1 731 745 88 78 0 
1784 1 731 745 88 78 0 
1785 1 731 745 88 78 0 
1786 1 731 745 88 78 0 
1787 1 731 745 88 78 0 
1788 1 731 747 88 78 0 
1789 1 731 747 88 78 0 
1790 1 729 747 88 78 0 
1791 1 729 749 88 78 0 
1792 1 729 749 88 78 0 
1793 1 729 749 88 78 0 
1794 1 729 749 88 78 0 
1795 1 729 747 88 78 0 
1796 1 729 747 88 78 0 
1797 1 729 745 88 78 0 
1798 1 729 745 88 78 0 
1799 1 729 743 88 78 0 
1800 1 729 743 88 78 0 
1801 1 727 743 88 78 0 
1802 1 727 743 88 78 0 
1803 1 727 743 88 78 0 
1804 1 727 745 88 78 0 
1805 1 727 745 88 78 0 
1806 1 727 747 88 78 0 
1807 1 727 749 88 78 0 
1808 1 727 749 88 78 0 
1809 1 727 749 88 78 0 
1810 1 727 749 88 78 0 
1811 1 727 749 88 78 0 
1812 1 725 749 88 78 0 
1813 1 725 749 88 78 0 
1814 1 725 747 88 78 0 
1815 1 725 747 88 78 0 
1816 1 725 747 88 78 0 
1817 1 725 747 88 78 0 
1818 1 725 745 88 78 0 
1819 1 725 745 88 78 0 
1820 1 725 745 88 78 0 
1821 1 725 745 88 78 0 
1822 1 725 745 88 78 0 
1823 1 725 745 88 78 0 
1824 1 723 743 88 78 0 
1825 1 723 743 88 78 0 
1826 1 723 743 88 78 0 
1827 1 723 743 88 78 0 
1828 1 723 745 88 78 0 
1829 1 723 745 88 78 0 
1830 1 723 747 88 78 0 
1831 1 723 747 88 78 0 
1832 1 723 749 88 78 0 
1833 1 723 749 88 78 0 
1834 1 723 749 88 78 0 
1835 1 723 749 88 78 0 
1836 1 723 749 88 78 0 
1837 1 723 749 88 78 0 
1838 1 723 749 88 78 0 
1839 1 723 749 88 78 0 
1840 1 723 747 88 78 0 
1841 1 723 747 88 78 0 
1842 1 723 747 88 78 0 
1843 1 721 747 88 78 0 
1844 1 721 749 88 78 0 
1845 1 721 749 88 78 0 
1846 1 721 749 88 78 0 
1847 1 721 749 88 78 0 
1848 1 721 749 88 78 0 
1849 1 721 747 88 78 0 
1850 1 723 749 88 78 0 
1851 1 723 747 88 78 0 
1852 1 723 747 88 78 0 
1853 1 723 747 88 78 0 
1854 1 723 747 88 78 0 
1855 1 723 747 88 78 0 
1856 1 723 747 88 78 0 
1857 1 723 745 88 78 0 
1858 1 723 745 88 78 0 
1859 1 723 745 88 78 0 
1860 1 725 743 88 78 0 
1861 1 725 743 88 78 0 
1862 1 725 743 88 78 0 
1863 1 725 743 88 78 0 
1864 1 725 743 88 78 0 
1865 1 725 743 88 78 0 
1866 1 725 745 88 78 0 
1867 1 725 745 88 78 0 
1868 1 725 745 88 78 0 
1869 1 725 747 88 78 0 
1870 1 725 747 88 78 0 
1871 1 725 747 88 78 0 
1872 1 725 747 88 78 0 
1873 1 727 747 88 78 0 
1874 1 727 747 88 78 0 
1875 1 727 747 88 78 0 
1876 1 727 747 88 78 0 
1877 1 727 747 88 78 0 
1878 1 727 745 88 78 0 
1879 1 727 745 88 78 0 
1880 1 727 745 88 78 0 
1881 1 727 743 88 78 0 
1882 1 727 745 88 78 0 
1883 1 729 743 88 78 0 
1884 1 729 743 88 78 0 
1885 1 729 743 88 78 0 
1886 1 729 743 88 78 0 
1887 1 729 743 88 78 0 
1888 1 729 743 88 78 0 
1889 1 729 743 88 78 0 
1890 1 729 745 88 78 0 
1891 1 729 745 88 78 0 
1892 1 731 745 88 78 0 
1893 1 731 747 88 78 0 
1894 1 731 747 88 78 0 
1895 1 731 747 88 78 0 
1896 1 731 749 88 78 0 
1897 1 731 749 88 78 0 
1898 1 731 749 88 78 0 
1899 1 731 747 88 78 0 
1900 1 733 747 88 78 0 
1901 1 733 745 88 78 0 
1902 1 733 745 88 78 0 
1903 1 733 743 88 78 0 
1904 1 733 741 88 78 0 
1905 1 733 741 88 78 0 
1906 1 733 739 88 78 0 
1907 1 733 739 88 78 0 
1908 1 733 739 88 78 0 
1909 1 733 739 88 78 0 
1910 1 733 739 88 78 0 
1911 1 733 741 88 78 0 
1912 1 733 741 88 78 0 
1913 1 733 743 88 78 0 
1914 1 733 743 88 78 0 
1915 1 733 745 88 78 0 
1916 1 733 747 88 78 0 
1917 1 733 747 88 78 0 
1918 1 733 747 88 78 0 
1919 1 733 747 88 78 0 
1920 1 733 747 88 78 0 
1921 1 733 745 88 78 0 
1922 1 733 745 88 78 0 
1923 1 733 745 88 78 0 
1924 1 733 743 88 78 0 
1925 1 733 743 88 78 0 
1926 1 733 743 88 78 0 
1927 1 733 743 88 78 0 
1928 1 733 743 88 78 0 
1929 1 733 741 88 78 0 
1930 1 733 741 88 78 0 
1931 1 733 743 88 78 0 
1932 1 733 743 88 78 0 
1933 1 733 743 88 78 0 
1934 1 731 745 88 78 0 
1935 1 731 747 88 78 0 
1936 1 731 749 88 78 0 
1937 1 731 749 88 78 0 
1938 1 731 749 88 78 0 
1939 1 731 749 88 78 0 
1940 1 731 749 88 78 0 
1941 1 731 747 88 78 0 
1942 1 731 745 88 78 0 
1943 1 731 745 88 78 0 
1944 1 731 743 88 78 0 
1945 1 731 743 88 78 0 
1946 1 731 741 88 78 0 
1947 1 731 741 88 78 0 
1948 1 731 741 88 78 0 
1949 1 731 743 88 78 0 
1950 1 731 743 88 78 0 
1951 1 731 743 88 78 0 
1952 1 731 743 88 78 0 
1953 1 731 743 88 78 0 
1954 1 731 743 88 78 0 
1955 1 731 743 88 78 0 
1956 1 731 743 88 78 0 
1957 1 731 743 88 78 0 
1958 1 731 743 88 78 0 
1959 1 731 743 88 78 0 
1960 1 731 743 88 78 0 
1961 1 731 743 88 78 0 
1962 1 731 743 88 78 0 
1963 1 731 745 88 78 0 
1964 1 731 745 88 78 0 
1965 1 731 747 88 78 0 
1966 1 731 747 88 78 0 
1967 1 731 747 88 78 0 
1968 1 731 747 88 78 0 
1969 1 731 745 88 78 0 
1970 1 731 745 88 78 0 
1971 1 731 743 88 78 0 
1972 1 731 743 88 78 0 
1973 1 731 743 88 78 0 
1974 1 731 741 88 78 0 
1975 1 731 741 88 78 0 
1976 1 731 741 88 78 0 
1977 1 731 741 88 78 0 
1978 1 731 741 88 78 0 
1979 1 731 741 88 78 0 
1980 1 731 741 88 78 0 
1981 1 731 741 88 78 0 
1982 1 731 741 88 78 0 
1983 1 731 741 88 78 0 
1984 1 731 743 88 78 0 
1985 1 731 743 88 78 0 
1986 1 731 743 88 78 0 
1987 1 731 745 88 78 0 
1988 1 731 745 88 78 0 
1989 1 731 745 88 78 0 
1990 1 731 745 88 78 0 
1991 1 731 745 88 78 0 
1992 1 731 745 88 78 0 
1993 1 731 745 88 78 0 
1994 1 731 745 88 78 0 
1995 1 733 745 88 78 0 
1996 1 733 743 88 78 0 
1997 1 733 743 88 78 0 
1998 1 733 743 88 78 0 
1999 1 733 743 88 78 0 
2000 1 733 743 88 78 0 
2001 1 733 743 88 78 0 
2002 1 733 743 88 78 0 
2003 1 733 743 88 78 0 
2004 1 733 743 88 78 0 
2005 1 733 743 88 78 0 
2006 1 733 743 88 78 0 
2007 1 733 743 88 78 0 
2008 1 733 743 88 78 0 
2009 1 733 743 88 78 0 
2010 1 733 743 88 78 0 
2011 1 733 743 88 78 0 
2012 1 733 743 88 78 0 
2013 1 735 743 88 78 0 
2014 1 735 743 88 78 0 
2015 1 735 745 88 78 0 
2016 1 735 745 88 78 0 
2017 1 735 745 88 78 0 
2018 1 735 743 88 78 0 
2019 1 735 743 88 78 0 
2020 1 735 743 88 78 0 
2021 1 735 743 88 78 0 
2022 1 735 743 88 78 0 
2023 1 735 743 88 78 0 
2024 1 735 743 88 78 0 
2025 1 735 743 88 78 0 
2026 1 735 743 88 78 0 
2027 1 735 743 88 78 0 
2028 1 737 743 88 78 0 
2029 1 737 743 88 78 0 
2030 1 737 743 88 78 0 
2031 1 737 743 88 78 0 
2032 1 737 743 88 78 0 
2033 1 737 743 88 78 0 
2034 1 737 743 88 78 0 
2035 1 737 743 88 78 0 
2036 1 737 743 88 78 0 
2037 1 737 743 88 78 0 
2038 1 737 745 88 78 0 
2039 1 737 745 88 78 0 
2040 1 737 745 88 78 0 
2041 1 739 745 88 78 0 
2042 1 739 745 88 78 0 
2043 1 739 745 88 78 0 
2044 1 739 745 88 78 0 
2045 1 739 745 88 78 0 
2046 1 739 745 88 78 0 
2047 1 739 745 88 78 0 
2048 1 739 743 88 78 0 
2049 1 739 743 88 78 0 
2050 1 739 743 88 78 0 
2051 1 739 741 88 78 0 
2052 1 739 741 88 78 0 
2053 1 739 741 88 78 0 
2054 1 739 741 88 78 0 
2055 1 739 741 88 78 0 
2056 1 739 741 88 78 0 
2057 1 739 741 88 78 0 
2058 1 739 741 88 78 0 
2059 1 739 743 88 78 0 
2060 1 739 743 88 78 0 
2061 1 739 743 88 78 0 
2062 1 739 743 88 78 0 
2063 1 739 745 88 78 0 
2064 1 739 745 88 78 0 
2065 1 739 745 88 78 0 
2066 1 739 747 88 78 0 
2067 1 739 747 88 78 0 
2068 1 739 747 88 78 0 
2069 1 739 749 88 78 0 
2070 1 739 749 88 78 0 
2071 1 739 749 88 78 0 
2072 1 739 749 88 78 0 
2073 1 739 749 88 78 0 
2074 1 739 749 88 78 0 
2075 1 739 747 88 78 0 
2076 1 739 747 88 78 0 
2077 1 739 747 88 78 0 
2078 1 739 745 88 78 0 
2079 1 739 747 88 78 0 
2080 1 739 745 88 78 0 
2081 1 739 745 88 78 0 
2082 1 739 745 88 78 0 
2083 1 739 745 88 78 0 
2084 1 739 745 88 78 0 
2085 1 739 743 88 78 0 
2086 1 739 743 88 78 0 
2087 1 739 743 88 78 0 
2088 1 739 743 88 78 0 
2089 1 739 743 88 78 0 
2090 1 739 743 88 78 0 
2091 1 739 743 88 78 0 
2092 1 739 743 88 78 0 
2093 1 739 743 88 78 0 
2094 1 739 743 88 78 0 
2095 1 739 743 88 78 0 
2096 1 739 743 88 78 0 
2097 1 739 743 88 78 0 
2098 1 739 743 88 78 0 
2099 1 739 743 88 78 0 
2100 1 739 745 88 78 0 
2101 1 739 745 88 78 0 
2102 1 739 745 88 78 0 
2103 1 739 745 88 78 0 
2104 1 739 745 88 78 0 
2105 1 739 745 88 78 0 
2106 1 739 745 88 78 0 
2107 1 739 747 88 78 0 
2108 1 739 745 88 78 0 
2109 1 739 745 88 78 0 
2110 1 739 745 88 78 0 
2111 1 739 743 88 78 0 
2112 1 739 743 88 78 0 
2113 1 739 743 88 78 0 
2114 1 739 743 88 78 0 
2115 1 739 743 88 78 0 
2116 1 739 743 88 78 0 
2117 1 739 743 88 78 0 
2118 1 739 745 88 78 0 
2119 1 739 745 88 78 0 
2120 1 739 745 88 78 0 
2121 1 739 745 88 78 0 
2122 1 739 747 88 78 0 
2123 1 739 745 88 78 0 
2124 1 739 745 88 78 0 
2125 1 739 745 88 78 0 
2126 1 739 745 88 78 0 
2127 1 739 743 88 78 0 
2128 1 739 743 88 78 0 
2129 1 739 743 88 78 0 
2130 1 739 743 88 78 0 
2131 1 739 743 88 78 0 
2132 1 739 743 88 78 0 
2133 1 739 743 88 78 0 
2134 1 739 743 88 78 0 
2135 1 739 745 88 78 0 
2136 1 739 745 88 78 0 
2137 1 739 747 88 78 0 
2138 1 739 749 88 78 0 
2139 1 739 749 88 78 0 
2140 1 739 751 88 78 0 
2141 1 739 751 88 78 0 
2142 1 739 753 88 78 0 
2143 1 739 753 88 78 0 
2144 1 739 751 88 78 0 
2145 1 739 749 88 78 0 
2146 1 739 747 88 78 0 
2147 1 739 745 88 78 0 
2148 1 739 741 88 78 0 
2149 1 739 741 88 78 0 
2150 1 739 741 88 78 0 
2151 1 739 739 88 78 0 
2152 1 739 739 88 78 0 
2153 1 739 739 88 78 0 
2154 1 739 739 88 78 0 
2155 1 739 739 88 78 0 
2156 1 739 741 88 78 0 
2157 1 739 741 88 78 0 
2158 1 739 739 88 78 0 
2159 1 739 741 88 78 0 
2160 1 741 739 88 78 0 
2161 1 741 739 88 78 0 
2162 1 741 741 88 78 0 
2163 1 741 741 88 78 0 
2164 1 741 741 88 78 0 
2165 1 741 743 88 78 0 
2166 1 741 745 88 78 0 
2167 1 741 747 88 78 0 
2168 1 741 747 88 78 0 
2169 1 741 749 88 78 0 
2170 1 741 751 88 78 0 
2171 1 741 751 88 78 0 
2172 1 741 751 88 78 0 
2173 1 743 751 88 78 0 
2174 1 743 749 88 78 0 
2175 1 743 749 88 78 0 
2176 1 743 747 88 78 0 
2177 1 743 747 88 78 0 
2178 1 743 747 88 78 0 
2179 1 743 747 88 78 0 
2180 1 743 745 88 78 0 
2181 1 743 745 88 78 0 
2182 1 743 745 88 78 0 
2183 1 743 745 88 78 0 
2184 1 743 745 88 78 0 
2185 1 743 745 88 78 0 
2186 1 743 745 88 78 0 
2187 1 743 745 88 78 0 
2188 1 743 745 88 78 0 
2189 1 743 745 88 78 0 
2190 1 743 745 88 78 0 
2191 1 743 747 88 78 0 
2192 1 743 747 88 78 0 
2193 1 743 747 88 78 0 
2194 1 741 747 88 78 0 
2195 1 741 747 88 78 0 
2196 1 741 747 88 78 0 
2197 1 741 747 88 78 0 
2198 1 741 747 88 78 0 
2199 1 741 747 88 78 0 
2200 1 741 747 88 78 0 
2201 1 739 745 88 78 0 
2202 1 739 747 88 78 0 
2203 1 739 747 88 78 0 
2204 1 739 747 88 78 0 
2205 1 739 747 88 78 0 
2206 1 739 747 88 78 0 
2207 1 739 747 88 78 0 
2208 1 739 745 88 78 0 
2209 1 739 745 88 78 0 
2210 1 737 743 88 78 0 
2211 1 737 743 88 78 0 
2212 1 737 743 88 78 0 
2213 1 737 743 88 78 0 
2214 1 737 743 88 78 0 
2215 1 737 743 88 78 0 
2216 1 737 745 88 78 0 
2217 1 735 745 88 78 0 
2218 1 735 747 88 78 0 
2219 1 735 747 88 78 0 
2220 1 735 747 88 78 0 
2221 1 735 749 88 78 0 
2222 1 735 749 88 78 0 
2223 1 735 749 88 78 0 
2224 1 733 749 88 78 0 
2225 1 733 749 88 78 0 
2226 1 733 749 88 78 0 
2227 1 733 749 88 78 0 
2228 1 733 749 88 78 0 
2229 1 733 749 88 78 0 
2230 1 733 751 88 78 0 
2231 1 733 751 88 78 0 
2232 1 733 751 88 78 0 
2233 1 733 749 88 78 0 
2234 1 733 749 88 78 0 
2235 1 733 749 88 78 0 
2236 1 733 747 88 78 0 
2237 1 733 747 88 78 0 
2238 1 733 745 88 78 0 
2239 1 733 743 88 78 0 
2240 1 733 741 88 78 0 
2241 1 733 741 88 78 0 
2242 1 733 739 88 78 0 
2243 1 733 739 88 78 0 
2244 1 733 739 88 78 0 
2245 1 733 739 88 78 0 
2246 1 733 739 88 78 0 
2247 1 733 741 88 78 0 
2248 1 735 741 88 78 0 
2249 1 735 743 88 78 0 
2250 1 735 743 88 78 0 
2251 1 735 745 88 78 0 
2252 1 735 747 88 78 0 
2253 1 735 749 88 78 0 
2254 1 735 751 88 78 0 
2255 1 735 751 88 78 0 
2256 1 735 753 88 78 0 
2257 1 735 753 88 78 0 
2258 1 737 751 88 78 0 
2259 1 737 751 88 78 0 
2260 1 737 749 88 78 0 
2261 1 737 747 88 78 0 
2262 1 737 747 88 78 0 
2263 1 737 745 88 78 0 
2264 1 737 745 88 78 0 
2265 1 739 743 88 78 0 
2266 1 739 743 88 78 0 
2267 1 739 743 88 78 0 
2268 1 739 743 88 78 0 
2269 1 739 743 88 78 0 
2270 1 739 743 88 78 0 
2271 1 739 743 88 78 0 
2272 1 739 743 88 78 0 
2273 1 739 743 88 78 0 
2274 1 739 743 88 78 0 
2275 1 739 743 88 78 0 
2276 1 739 743 88 78 0 
2277 1 741 745 88 78 0 
2278 1 741 743 88 78 0 
2279 1 741 743 88 78 0 
2280 1 741 743 88 78 0 
2281 1 741 743 88 78 0 
2282 1 741 743 88 78 0 
2283 1 741 743 88 78 0 
2284 1 741 743 88 78 0 
2285 1 743 745 88 78 0 
2286 1 743 745 88 78 0 
2287 1 743 745 88 78 0 
2288 1 743 745 88 78 0 
2289 1 743 745 88 78 0 
2290 1 743 743 88 78 0 
2291 1 743 743 88 78 0 
2292 1 743 743 88 78 0 
2293 1 745 741 88 78 0 
2294 1 745 739 88 78 0 
2295 1 745 739 88 78 0 
2296 1 745 739 88 78 0 
2297 1 745 741 88 78 0 
2298 1 745 741 88 78 0 
2299 1 745 743 88 78 0 
2300 1 745 745 88 78 0 
2301 1 745 745 88 78 0 
2302 1 745 745 88 78 0 
2303 1 745 745 88 78 0 
2304 1 745 745 88 78 0 
2305 1 747 745 88 78 4 
2306 1 747 745 88 78 0 
2307 1 747 743 88 78 0 
2308 1 747 743 88 78 4 
2309 1 747 743 88 78 4 
2310 1 747 743 88 78 4 
2311 1 747 745 88 78 0 
2312 1 747 745 88 78 0 
2313 1 747 743 88 78 0 
2314 1 747 743 88 78 0 
2315 1 747 743 88 78 4 
2316 1 747 741 88 78 4 
2317 1 747 741 88 78 0 
2318 1 747 741 88 78 0 
2319 1 747 741 88 78 0 
2320 1 747 741 88 78 0 
2321 1 747 741 88 78 0 
2322 1 747 741 88 78 0 
2323 1 747 741 88 78 0 
2324 1 747 741 88 78 0 
2325 1 747 743 88 78 0 
2326 1 747 743 88 78 0 
2327 1 747 743 88 78 0 
2328 1 745 745 88 78 0 
2329 1 745 745 88 78 0 
2330 1 745 743 88 78 0 
2331 1 745 743 88 78 0 
2332 1 745 743 88 78 0 
2333 1 745 743 88 78 0 
2334 1 743 743 88 78 0 
2335 1 743 741 88 78 0 
2336 1 743 741 88 78 0 
2337 1 743 741 88 78 0 
2338 1 743 741 88 78 4 
2339 1 743 741 88 78 0 
2340 1 741 741 88 78 0 
2341 1 741 741 88 78 0 
2342 1 741 741 88 78 0 
2343 1 741 741 88 78 0 
2344 1 741 741 88 78 0 
2345 1 741 743 88 78 0 
2346 1 741 743 88 78 0 
2347 1 739 743 88 78 0 
2348 1 739 743 88 78 0 
2349 1 739 743 88 78 4 
2350 1 739 743 88 78 4 
2351 1 739 741 88 78 4 
2352 1 737 741 88 78 0 
2353 1 737 741 88 78 0 
2354 1 737 741 88 78 0 
2355 1 737 741 88 78 0 
2356 1 737 741 88 78 0 
2357 1 737 741 88 78 0 
2358 1 737 741 88 78 0 
2359 1 735 741 88 78 0 
2360 1 735 741 88 78 0 
2361 1 735 741 88 78 0 
2362 1 735 741 88 78 0 
2363 1 735 741 88 78 0 
2364 1 735 741 88 78 0 
2365 1 735 739 88 78 0 
2366 1 735 739 88 78 0 
2367 1 735 739 88 78 0 
2368 1 735 741 88 78 0 
2369 1 735 741 88 78 0 
2370 1 735 741 88 78 0 
2371 1 735 741 88 78 0 
2372 1 735 741 88 78 0 
2373 1 735 741 88 78 0 
2374 1 735 741 88 78 0 
2375 1 735 741 88 78 0 
2376 1 735 741 88 78 0 
2377 1 735 741 88 78 0 
2378 1 735 743 88 78 0 
2379 1 735 743 88 78 0 
2380 1 735 743 88 78 0 
2381 1 735 743 88 78 0 
2382 1 735 743 88 78 0 
2383 1 735 743 88 78 4 
2384 1 735 743 88 78 4 
2385 1 735 743 88 78 4 
2386 1 735 743 88 78 4 
2387 1 735 743 88 78 4 
2388 1 737 743 88 78 4 
2389 1 737 743 88 78 0 
2390 1 737 743 88 78 0 
2391 1 737 743 88 78 4 
2392 1 737 743 88 78 0 
2393 1 737 743 88 78 0 
2394 1 737 741 88 78 0 
2395 1 737 741 88 78 0 
2396 1 737 741 88 78 0 
2397 1 737 741 88 78 0 
2398 1 737 741 88 78 0 
2399 1 737 741 88 78 0 
2400 1 737 741 88 78 0 
2401 1 737 743 88 78 0 
2402 1 737 741 88 78 0 
2403 1 737 741 88 78 0 
2404 1 737 741 88 78 0 
2405 1 737 741 88 78 0 
2406 1 737 741 88 78 0 
2407 1 737 741 88 78 0 
2408 1 737 741 88 78 0 
2409 2 737 741 88 78 0 656 730 90 80 0 
2410 2 737 741 88 78 0 656 730 90 80 0 
2411 2 737 741 88 78 0 656 730 90 80 0 
2412 2 737 741 88 78 0 656 730 90 80 0 
2413 2 737 741 88 78 0 656 730 90 80 0 
2414 2 737 741 88 78 0 656 730 90 80 0 
2415 2 737 741 88 78 0 656 730 90 80 0 
2416 2 737 741 88 78 0 656 730 90 80 0 
2417 2 737 741 88 78 0 656 730 90 80 0 
2418 2 737 741 88 78 0 656 730 90 80 0 
2419 2 737 741 88 78 0 656 730 90 80 0 
2420 2 737 741 88 78 0 656 728 90 80 0 
2421 2 737 741 88 78 0 656 730 90 80 0 
2422 2 737 741 88 78 4 656 728 90 80 0 
2423 2 737 741 88 78 4 656 728 90 80 0 
2424 2 737 741 88 78 0 656 730 90 80 0 
2425 2 737 741 88 78 0 656 730 90 80 0 
2426 2 737 741 88 78 0 656 730 90 80 0 
2427 2 737 743 88 78 0 656 732 90 80 0 
2428 2 737 743 88 78 4 656 732 90 80 0 
2429 2 737 743 88 78 4 656 732 90 80 0 
2430 2 737 745 88 78 4 656 732 90 80 0 
2431 2 737 745 88 78 4 656 732 90 80 0 
2432 2 737 745 88 78 4 656 732 90 80 0 
2433 2 737 745 88 78 4 656 732 90 80 0 
2434 2 737 745 88 78 4 656 732 90 80 0 
2435 2 737 743 88 78 4 654 730 90 80 0 
2436 2 737 743 88 78 4 654 730 90 80 0 
2437 2 737 743 88 78 0 654 730 90 80 0 
2438 1 737 741 88 78 0 
2439 1 735 741 88 78 0 
2440 1 735 741 88 78 0 
2441 1 735 741 88 78 0 
2442 1 735 741 88 78 0 
2443 1 735 743 88 78 0 
2444 1 735 743 88 78 0 
2445 1 735 743 88 78 0 
2446 1 735 745 88 78 0 
2447 1 735 745 88 78 0 
2448 1 735 747 88 78 0 
2449 1 735 747 88 78 0 
2450 1 733 747 88 78 0 
2451 1 733 747 88 78 0 
2452 1 733 747 88 78 0 
2453 1 733 747 88 78 4 
2454 1 669 743 95 84 0 
2455 1 669 743 95 84 0 
2456 1 669 741 95 84 0 
2457 1 669 741 95 84 0 
2458 1 669 740 94 84 0 
2459 1 669 740 94 84 0 
2460 1 669 740 94 84 0 
2461 1 669 740 94 84 0 
2462 1 669 740 94 84 0 
2463 1 669 740 94 84 0 
2464 1 671 740 89 80 0 
2465 1 674 742 89 80 0 
2466 1 674 742 89 80 0 
2467 1 673 742 93 82 0 
2468 1 673 742 93 82 0 
2469 1 673 742 93 82 0 
2470 1 673 742 93 82 0 
2471 1 673 742 93 82 0 
2472 1 673 742 93 82 0 
2473 1 673 742 93 82 0 
2474 1 675 744 88 78 0 
2475 1 677 746 88 78 0 
2476 1 677 746 88 78 0 
2477 1 677 746 88 78 0 
2478 1 677 746 88 78 0 
2479 1 677 744 88 78 0 
2480 1 677 744 88 78 0 
2481 1 677 744 88 78 0 
2482 1 677 742 88 78 0 
2483 1 678 742 88 78 0 
2484 1 678 740 88 78 0 
2485 1 678 740 88 78 0 
2486 1 678 740 88 78 0 
2487 1 678 740 88 78 0 
2488 1 678 740 88 78 0 
2489 1 678 740 88 78 0 
2490 1 678 740 88 78 0 
2491 1 678 741 84 74 0 
2492 0 
2493 0 
2494 0 
2495 0 
2496 0 
2497 0 
2498 0 
2499 0 
2500 0 
2501 0 
2502 0 
2503 0 
2504 0 
2505 0 
2506 0 
2507 0 
2508 0 
2509 0 
2510 0 
2511 0 
2512 0 
2513 0 
2514 0 
2515 0 
2516 0 
2517 0 
2518 0 
2519 0 
2520 0 
2521 0 
2522 0 
2523 0 
2524 0 
2525 0 
2526 0 
2527 0 
2528 0 
2529 0 
2530 0 
2531 0 
2532 1 749 745 91 80 0 
2533 1 749 744 92 82 4 
2534 1 749 744 92 82 4 
2535 1 750 745 91 80 4 
2536 1 750 743 93 82 4 
2537 1 750 743 93 82 4 
2538 1 751 743 93 82 0 
2539 1 751 743 93 82 0 
2540 1 751 743 93 82 0 
2541 1 753 743 93 82 0 
2542 1 753 743 93 82 0 
2543 1 753 745 97 86 4 
2544 1 751 743 97 86 4 
2545 1 753 743 96 86 4 
2546 1 753 744 97 86 4 
2547 1 753 744 97 86 4 
2548 1 753 744 98 88 4 
2549 1 754 745 98 88 0 
2550 1 754 745 98 88 0 
2551 1 756 745 98 88 0 
2552 1 756 745 98 88 0 
2553 1 752 742 105 92 0 
2554 1 752 741 106 94 0 
2555 1 753 740 106 94 0 
2556 1 754 740 106 94 4 
2557 1 754 739 107 94 0 
2558 1 754 737 108 96 0 
2559 1 755 736 108 96 4 
2560 1 755 735 109 96 4 
2561 1 755 735 109 96 4 
2562 1 757 735 109 96 4 
2563 1 757 735 109 96 4 
2564 1 757 735 109 96 4 
2565 1 757 735 109 96 4 
2566 1 756 736 113 100 4 
2567 1 756 735 114 102 4 
2568 1 756 737 115 102 4 
2569 1 757 736 116 104 4 
2570 1 757 737 116 104 4 
2571 1 758 738 117 104 4 
2572 1 756 736 122 108 4 
2573 1 756 736 122 108 4 
2574 1 758 738 128 113 4 
2575 1 755 736 128 113 4 
2576 1 756 737 125 110 4 
2577 1 756 736 126 112 4 
2578 1 757 735 126 112 4 
2579 1 757 735 127 112 4 
2580 1 757 734 128 114 4 
2581 1 758 733 129 114 4 
2582 1 758 731 130 116 4 
2583 1 758 732 131 116 0 
2584 1 759 733 131 116 0 
2585 1 758 732 133 118 0 
2586 1 759 733 133 118 0 
2587 1 759 733 134 120 0 
2588 1 760 733 134 120 0 
2589 1 758 732 139 122 0 
2590 1 758 731 140 124 4 
2591 1 758 731 141 124 4 
2592 1 758 730 142 126 4 
2593 1 759 730 143 126 4 
2594 1 759 730 144 128 4 
2595 1 760 730 144 128 4 
2596 1 760 730 145 128 4 
2597 1 760 729 147 130 4 
2598 1 759 728 148 132 4 
2599 1 759 727 149 132 4 
2600 1 760 726 150 134 4 
2601 1 760 726 151 134 4 
2602 1 758 723 156 138 4 
2603 1 758 724 157 138 4 
2604 1 758 725 157 138 4 
2605 1 758 724 158 140 4 
2606 1 758 725 159 140 4 
2607 1 758 725 159 140 4 
2608 1 758 725 159 140 4 
2609 1 758 727 159 140 4 
2610 1 757 724 164 146 4 
2611 1 757 725 164 146 4 
2612 1 756 725 167 148 4 
2613 1 756 725 167 148 4 
2614 1 756 725 167 148 4 
2615 1 756 727 167 148 4 
2616 1 753 724 174 154 4 
2617 1 752 724 176 156 4 
2618 1 751 723 178 158 4 
2619 1 750 724 179 158 4 
2620 1 748 724 181 160 4 
2621 1 748 724 181 160 4 
2622 1 748 724 181 160 4 
2623 1 748 724 181 160 4 
2624 1 748 724 181 160 4 
2625 1 742 722 191 168 4 
2626 1 742 722 191 168 4 
2627 1 741 721 192 170 4 
2628 1 740 722 193 170 4 
2629 1 739 721 195 172 4 
2630 1 738 720 197 174 4 
2631 1 737 720 198 176 4 
2632 1 736 720 199 176 4 
2633 1 735 720 201 178 4 
2634 1 734 720 202 180 4 
2635 1 731 718 208 184 4 
2636 1 730 719 209 184 4 
