1 0 
2 0 
3 0 
4 0 
5 0 
6 0 
7 0 
8 0 
9 0 
10 0 
11 0 
12 0 
13 0 
14 0 
15 0 
16 0 
17 0 
18 0 
19 0 
20 0 
21 0 
22 1 1159 745 145 128 0 
23 1 1157 745 144 128 0 
24 1 1154 744 144 128 0 
25 1 1152 743 143 126 0 
26 1 1149 744 143 126 0 
27 1 1147 746 142 126 0 
28 1 1140 732 175 154 0 
29 1 1138 734 175 154 0 
30 1 1134 736 175 154 0 
31 1 1132 738 175 154 0 
32 1 1128 738 175 154 0 
33 1 1124 740 175 154 0 
34 1 1120 740 175 154 0 
35 1 1118 740 175 154 0 
36 1 1114 740 175 154 0 
37 1 1110 740 175 154 0 
38 1 1108 738 175 154 0 
39 1 1109 741 166 148 0 
40 1 1105 741 166 148 0 
41 1 1103 739 166 148 0 
42 1 1099 739 166 148 0 
43 1 1095 739 166 148 0 
44 1 1091 739 166 148 0 
45 1 1087 739 166 148 0 
46 1 1085 739 166 148 0 
47 1 1087 757 131 116 0 
48 1 1081 759 131 116 0 
49 1 1077 759 131 116 0 
50 1 1075 761 131 116 0 
51 1 1071 761 131 116 0 
52 1 1069 761 131 116 0 
53 1 1065 761 131 116 0 
54 1 1061 763 131 116 0 
55 1 1059 761 131 116 0 
56 1 1057 763 128 114 0 
57 1 1053 763 128 114 0 
58 1 1049 763 128 114 0 
59 1 1045 763 128 114 0 
60 1 1041 763 128 114 0 
61 1 1037 763 128 114 0 
62 1 1034 763 126 112 0 
63 1 1008 751 150 134 0 
64 1 1004 751 150 134 0 
65 1 1000 749 150 134 0 
66 1 996 749 150 134 0 
67 1 992 749 150 134 0 
68 1 988 749 150 134 0 
69 1 984 747 150 134 0 
70 1 980 747 150 134 0 
71 1 976 747 150 134 0 
72 1 993 746 151 134 0 
73 1 989 746 151 134 0 
74 1 985 746 151 134 0 
75 1 981 744 151 134 0 
76 1 977 744 151 134 0 
77 1 973 742 151 134 0 
78 1 967 742 151 134 0 
79 1 963 740 151 134 0 
80 1 963 753 122 108 0 
81 1 963 754 116 104 0 
82 1 959 754 116 104 0 
83 1 957 754 116 104 0 
84 1 953 756 116 104 0 
85 1 951 758 116 104 0 
86 1 949 760 116 104 0 
87 1 947 765 115 102 0 
88 1 945 769 115 102 0 
89 1 943 771 115 102 0 
90 1 941 775 115 102 0 
91 1 939 777 115 102 0 
92 1 935 779 115 102 0 
93 1 933 779 115 102 0 
94 1 931 779 115 102 0 
95 1 929 779 115 102 0 
96 1 903 767 141 124 0 
97 1 901 765 141 124 0 
98 1 899 765 141 124 0 
99 1 897 763 141 124 0 
100 1 895 763 141 124 0 
101 1 895 761 141 124 0 
102 1 895 761 141 124 0 
103 1 893 761 141 124 0 
104 1 893 761 141 124 0 
105 1 893 763 141 124 0 
106 1 891 763 141 124 0 
107 1 891 763 141 124 0 
108 1 891 763 141 124 0 
109 1 891 763 141 124 0 
110 1 915 777 109 96 0 
111 1 915 777 109 96 0 
112 1 915 777 109 96 0 
113 1 913 775 109 96 0 
114 1 913 775 109 96 0 
115 1 913 775 109 96 0 
116 1 911 773 109 96 0 
117 1 911 773 109 96 0 
118 1 911 773 109 96 0 
119 1 911 773 109 96 0 
120 1 911 773 109 96 0 
121 1 890 763 130 116 0 
122 1 910 774 107 94 0 
123 1 910 774 107 94 0 
124 1 910 774 107 94 0 
125 1 910 774 107 94 0 
126 1 889 763 128 114 0 
127 1 909 773 106 94 0 
128 1 909 773 106 94 0 
129 1 909 773 106 94 0 
130 1 909 773 106 94 0 
131 1 889 763 128 114 0 
132 1 907 763 128 114 0 
133 1 907 763 128 114 0 
134 1 890 764 127 112 0 
135 1 890 764 127 112 0 
136 1 890 763 127 112 0 
137 1 891 763 126 112 0 
138 1 891 763 126 112 0 
139 1 911 774 104 92 0 
140 1 891 763 127 112 0 
141 1 909 762 128 114 0 
142 1 910 764 127 112 0 
143 1 912 774 104 92 0 
144 1 915 776 99 88 0 
145 1 915 776 99 88 0 
146 1 915 776 99 88 0 
147 1 915 776 99 88 0 
148 1 915 776 99 88 0 
149 1 915 774 99 88 0 
150 1 915 774 99 88 0 
151 1 915 774 99 88 0 
152 1 913 774 99 88 0 
153 1 913 774 99 88 0 
154 1 913 774 99 88 0 
155 1 913 774 99 88 0 
156 1 911 776 99 88 0 
157 1 911 776 99 88 0 
158 1 888 765 123 108 0 
159 1 888 765 123 108 0 
160 1 886 765 123 108 0 
161 1 886 765 123 108 0 
162 1 906 774 99 88 0 
163 1 905 774 98 88 0 
164 1 904 776 97 86 0 
165 1 882 764 123 108 0 
166 1 881 764 123 108 0 
167 1 879 763 124 110 0 
168 1 877 763 124 110 0 
169 1 877 763 124 110 0 
170 1 875 763 124 110 0 
171 1 875 761 124 110 0 
172 1 873 761 124 110 0 
173 1 871 761 124 110 0 
174 1 871 761 124 110 0 
175 1 869 761 124 110 0 
176 1 867 761 124 110 0 
177 1 867 761 124 110 0 
178 1 865 761 124 110 0 
179 1 863 761 124 110 0 
180 1 863 761 124 110 0 
181 1 863 761 124 110 0 
182 1 861 761 124 110 0 
183 1 861 761 124 110 0 
184 1 861 761 124 110 0 
185 1 859 761 124 110 0 
186 1 859 761 124 110 0 
187 1 859 761 124 110 0 
188 1 859 761 124 110 0 
189 1 859 761 124 110 0 
190 1 859 761 124 110 0 
191 1 857 761 124 110 0 
192 1 859 761 124 110 0 
193 1 859 761 124 110 0 
194 1 859 761 124 110 0 
195 1 859 761 124 110 0 
196 1 859 761 124 110 0 
197 1 859 761 124 110 0 
198 1 859 761 124 110 0 
199 1 859 761 124 110 0 
200 1 859 761 124 110 0 
201 1 859 761 124 110 0 
202 1 859 761 124 110 0 
203 1 859 761 124 110 0 
204 1 859 761 124 110 0 
205 1 859 761 124 110 0 
206 1 859 761 124 110 0 
207 1 861 761 124 110 0 
208 1 861 761 124 110 0 
209 1 861 761 124 110 0 
210 1 861 761 124 110 0 
211 1 861 761 124 110 0 
212 1 861 761 124 110 0 
213 1 861 761 124 110 0 
214 1 858 754 131 116 0 
215 1 858 753 130 116 0 
216 1 858 753 131 116 0 
217 1 858 752 132 118 0 
218 1 858 752 131 116 0 
219 1 858 752 131 116 0 
220 1 858 752 132 118 0 
221 1 858 753 131 116 0 
222 1 858 753 131 116 0 
223 1 858 753 131 116 0 
224 1 858 753 131 116 0 
225 1 858 753 131 116 0 
226 1 858 753 131 116 0 
227 1 858 753 131 116 0 
228 1 858 755 131 116 0 
229 1 858 755 131 116 0 
230 1 858 755 131 116 0 
231 1 880 764 111 98 0 
232 1 880 763 110 98 0 
233 1 880 764 110 98 0 
234 1 880 764 110 98 0 
235 1 880 764 110 98 0 
236 1 880 762 110 98 0 
237 1 880 762 110 98 0 
238 1 878 762 110 98 0 
239 1 878 762 110 98 0 
240 1 878 760 110 98 0 
241 1 878 760 110 98 0 
242 1 878 760 110 98 0 
243 1 878 760 110 98 0 
244 1 878 762 110 98 0 
245 1 878 762 110 98 0 
246 1 875 760 114 102 0 
247 1 874 761 115 102 0 
248 1 874 762 114 102 0 
249 1 874 762 114 102 0 
250 1 874 762 114 102 0 
251 1 874 762 114 102 0 
252 1 874 762 114 102 0 
253 1 874 762 114 102 0 
254 1 872 760 116 104 0 
255 1 872 760 116 104 0 
256 1 847 749 144 128 0 
257 1 871 761 116 104 0 
258 1 846 750 145 128 0 
259 1 846 750 145 128 0 
260 1 846 750 145 128 0 
261 1 846 750 145 128 0 
262 1 867 759 122 108 0 
263 1 866 759 123 108 0 
264 1 866 758 123 108 0 
265 1 866 758 123 108 0 
266 1 866 758 123 108 0 
267 1 866 758 123 108 0 
268 1 864 746 149 132 0 
269 1 866 758 123 108 0 
270 1 865 757 124 110 0 
271 1 866 757 123 108 0 
272 1 866 757 123 108 0 
273 1 866 757 123 108 0 
274 1 866 757 123 108 0 
275 1 865 756 124 110 0 
276 1 865 756 124 110 0 
277 1 865 757 124 110 0 
278 1 864 757 125 110 0 
279 1 864 757 125 110 0 
280 1 864 757 125 110 0 
281 1 864 757 125 110 0 
282 1 864 757 125 110 0 
283 1 864 757 125 110 0 
284 1 864 757 125 110 0 
285 1 864 756 126 112 0 
286 1 864 756 125 110 0 
287 1 864 756 125 110 0 
288 1 864 756 125 110 0 
289 1 864 756 125 110 0 
290 1 863 755 126 112 0 
291 1 863 755 126 112 0 
292 1 863 755 126 112 0 
293 1 863 755 126 112 0 
294 1 863 755 126 112 0 
295 1 863 755 126 112 0 
296 1 863 755 128 114 0 
297 1 863 755 128 114 0 
298 1 862 755 129 114 0 
299 1 862 755 129 114 0 
300 1 862 755 128 114 0 
301 1 862 754 130 116 0 
302 1 862 756 129 114 0 
303 1 862 754 130 116 0 
304 1 862 754 130 116 0 
305 1 862 754 130 116 0 
306 1 862 756 129 114 0 
307 1 862 756 129 114 0 
308 1 862 756 129 114 0 
309 1 862 756 129 114 0 
310 1 862 756 129 114 0 
311 1 862 756 129 114 0 
312 1 862 756 129 114 0 
313 1 862 756 129 114 0 
314 1 862 756 129 114 0 
315 1 862 756 129 114 0 
316 1 862 756 129 114 0 
317 1 862 756 129 114 0 
318 1 861 756 133 118 0 
319 1 861 755 133 118 0 
320 1 861 756 133 118 0 
321 1 861 756 133 118 0 
322 1 861 756 133 118 0 
323 1 861 756 133 118 0 
324 1 860 756 134 120 0 
325 1 860 756 134 120 0 
326 1 860 756 134 120 0 
327 1 860 756 134 120 0 
328 1 858 754 139 122 0 
329 1 858 754 139 122 0 
330 1 858 754 139 122 0 
331 1 858 754 139 122 0 
332 1 858 754 139 122 0 
333 1 858 754 139 122 0 
334 1 860 754 139 122 0 
335 1 860 754 139 122 0 
336 1 860 754 139 122 0 
337 1 860 756 139 122 0 
338 1 861 754 140 124 0 
339 1 861 754 140 124 0 
340 1 863 754 140 124 0 
341 1 863 754 140 124 0 
342 1 863 754 140 124 0 
343 1 863 754 140 124 0 
344 1 865 754 140 124 0 
345 1 865 754 140 124 0 
346 1 867 752 140 124 0 
347 1 867 752 140 124 0 
348 1 869 750 140 124 0 
349 1 869 750 140 124 0 
350 1 871 750 140 124 0 
351 1 873 750 140 124 0 
352 1 873 750 140 124 0 
353 1 875 750 140 124 0 
354 1 877 752 140 124 0 
355 1 879 752 140 124 0 
356 1 881 752 140 124 0 
357 1 883 752 140 124 0 
358 1 885 752 140 124 0 
359 1 887 752 140 124 0 
360 1 889 752 140 124 0 
361 1 890 752 141 124 0 
362 1 888 736 175 154 0 
363 1 891 737 175 154 0 
364 1 870 738 174 154 0 
365 1 901 753 141 124 0 
366 1 875 738 174 154 0 
367 1 877 738 174 154 0 
368 1 881 740 174 154 0 
369 1 883 740 174 154 0 
370 1 910 740 176 156 0 
371 1 913 740 176 156 0 
372 1 917 741 175 154 0 
373 1 920 740 176 156 0 
374 1 924 739 176 156 0 
375 1 932 753 142 126 0 
376 1 936 753 142 126 0 
377 1 936 738 176 156 0 
378 1 944 752 142 126 0 
379 1 945 737 175 154 0 
380 1 924 737 175 154 0 
381 1 953 736 175 154 0 
382 1 957 735 176 156 0 
383 1 962 735 176 156 0 
384 1 970 749 143 126 0 
385 1 971 735 176 156 0 
386 1 954 738 169 150 0 
387 1 985 750 142 126 0 
388 1 987 736 174 154 0 
389 1 995 751 140 124 0 
390 1 999 751 140 124 0 
391 1 1003 751 140 124 0 
392 1 1007 751 140 124 0 
393 1 1011 750 141 124 0 
394 1 1011 734 174 154 0 
395 1 1014 734 174 154 0 
396 1 1018 734 174 154 0 
397 1 1021 734 174 154 0 
398 1 1024 734 174 154 0 
399 1 1029 736 169 150 0 
400 1 1031 736 169 150 0 
401 1 1031 735 174 154 0 
402 1 1035 736 169 150 0 
403 1 1037 736 169 150 0 
404 1 1042 749 140 124 0 
405 1 1042 736 168 150 0 
406 1 1043 737 168 150 0 
407 1 1045 738 167 148 0 
408 1 1047 752 139 122 0 
409 1 1022 739 166 148 0 
410 1 1023 740 166 148 0 
411 1 1024 741 165 146 0 
412 1 1052 755 134 120 0 
413 1 1052 755 134 120 0 
414 1 1050 754 139 122 0 
415 1 1053 754 134 120 0 
416 1 1053 755 134 120 0 
417 1 1054 754 134 120 0 
418 1 1050 740 167 148 0 
419 1 1056 754 133 118 0 
420 1 1051 738 167 148 0 
421 1 1056 751 134 120 0 
422 1 1057 750 134 120 0 
423 1 1053 735 166 148 0 
424 1 1053 735 166 148 0 
425 1 1059 750 133 118 0 
426 1 1059 749 133 118 0 
427 1 1061 748 132 118 0 
428 1 1061 748 132 118 0 
429 1 1063 748 132 118 0 
430 1 1063 748 132 118 0 
431 1 1063 748 132 118 0 
432 1 1065 748 132 118 0 
433 1 1063 748 134 120 0 
434 1 1064 749 133 118 0 
435 1 1065 750 133 118 0 
436 1 1065 750 133 118 0 
437 1 1067 750 133 118 0 
438 1 1067 750 133 118 0 
439 1 1069 750 133 118 0 
440 1 1069 749 133 118 0 
441 1 1044 738 163 144 0 
442 1 1044 738 163 144 0 
443 1 1046 738 163 144 0 
444 1 1046 738 163 144 0 
445 1 1048 736 163 144 0 
446 1 1048 736 163 144 0 
447 1 1050 736 163 144 0 
448 1 1050 736 163 144 0 
449 1 1077 746 133 118 0 
450 1 1078 745 133 118 0 
451 1 1053 731 164 146 0 
452 1 1053 731 164 146 0 
453 1 1055 729 164 146 0 
454 1 1055 729 164 146 0 
455 1 1083 740 134 120 0 
456 1 1083 740 134 120 0 
457 1 1085 738 134 120 0 
458 1 1085 738 134 120 0 
459 1 1087 738 134 120 0 
460 1 1087 738 134 120 0 
461 1 1064 726 162 144 0 
462 1 1066 726 162 144 0 
463 1 1066 726 162 144 0 
464 1 1068 726 162 144 0 
465 1 1067 726 164 146 0 
466 1 1069 727 162 144 0 
467 1 1096 740 132 118 0 
468 1 1097 739 132 118 0 
469 1 1097 739 132 118 0 
470 1 1097 741 132 118 0 
471 1 1097 741 132 118 0 
472 1 1097 741 132 118 0 
473 1 1097 741 132 118 0 
474 1 1097 741 132 118 0 
475 1 1097 741 132 118 0 
476 1 1097 743 132 118 0 
477 1 1099 743 132 118 0 
478 1 1099 743 132 118 0 
479 1 1099 743 132 118 0 
480 1 1099 743 132 118 0 
481 1 1098 744 133 118 0 
482 1 1098 744 133 118 0 
483 1 1098 744 133 118 0 
484 1 1100 744 133 118 0 
485 1 1100 743 132 118 0 
486 1 1097 730 164 146 0 
487 1 1097 730 164 146 0 
488 1 1076 733 162 144 0 
489 1 1076 733 162 144 0 
490 1 1078 733 162 144 0 
491 1 1078 733 162 144 0 
492 1 1102 732 164 146 0 
493 1 1104 732 164 146 0 
494 1 1104 732 164 146 0 
495 1 1106 732 164 146 0 
496 1 1106 732 164 146 0 
497 1 1108 732 164 146 0 
498 1 1108 732 164 146 0 
499 1 1110 732 164 146 0 
500 1 1110 734 164 146 0 
501 1 1112 734 164 146 0 
502 1 1114 734 164 146 0 
503 1 1114 734 164 146 0 
504 1 1116 736 164 146 0 
505 1 1118 736 164 146 0 
506 1 1118 736 164 146 0 
507 1 1120 738 164 146 0 
508 1 1120 736 164 146 0 
509 1 1122 736 164 146 0 
510 1 1124 738 164 146 0 
511 1 1126 736 164 146 0 
512 1 1128 736 164 146 0 
513 1 1128 736 164 146 0 
514 1 1130 736 164 146 0 
515 1 1132 736 164 146 0 
516 1 1134 734 164 146 0 
517 1 1134 734 164 146 0 
518 1 1136 734 164 146 0 
519 1 1136 736 164 146 0 
520 1 1138 736 164 146 0 
521 0 
522 0 
523 0 
524 0 
525 0 
526 0 
527 0 
528 0 
529 0 
530 0 
531 0 
532 0 
533 0 
534 0 
535 0 
536 0 
537 0 
538 0 
539 0 
540 0 
541 0 
542 0 
543 0 
544 0 
545 0 
546 0 
547 0 
548 0 
549 0 
550 0 
551 0 
552 0 
553 0 
554 0 
555 0 
556 0 
557 0 
558 0 
559 0 
560 0 
561 0 
562 1 1116 741 131 116 0 
563 1 1114 741 131 116 0 
564 1 1112 741 131 116 0 
565 1 1112 739 131 116 0 
566 1 1110 739 131 116 0 
567 1 1108 739 131 116 0 
568 1 1106 739 131 116 0 
569 1 1106 739 131 116 0 
570 1 1104 741 131 116 0 
571 1 1102 741 131 116 0 
572 1 1100 742 131 116 0 
573 1 1098 742 131 116 0 
574 1 1096 742 131 116 0 
575 1 1094 744 131 116 0 
576 1 1092 744 131 116 0 
577 1 1090 744 131 116 0 
578 1 1088 744 131 116 0 
579 1 1086 744 131 116 0 
580 1 1084 744 131 116 0 
581 1 1082 744 131 116 0 
582 1 1080 744 131 116 0 
583 1 1074 728 164 146 0 
584 1 1076 743 132 118 0 
585 1 1073 742 132 118 0 
586 1 1072 744 131 116 0 
587 1 1070 744 131 116 0 
588 1 1068 744 131 116 0 
589 1 1064 744 131 116 0 
590 1 1062 746 131 116 0 
591 1 1060 746 131 116 0 
592 1 1058 746 131 116 0 
593 1 1056 746 131 116 0 
594 1 1052 746 131 116 0 
595 1 1050 744 131 116 0 
596 1 1048 744 131 116 0 
597 1 1046 744 131 116 0 
598 1 1044 744 131 116 0 
599 1 1040 742 131 116 0 
600 1 1038 742 131 116 0 
601 1 1036 742 131 116 0 
602 1 1034 742 131 116 0 
603 1 1030 742 131 116 0 
604 1 1028 742 131 116 0 
605 1 1026 742 131 116 0 
606 1 1024 740 131 116 0 
607 1 1022 742 131 116 0 
608 1 1020 742 131 116 0 
609 1 1018 740 131 116 0 
610 1 1014 740 131 116 0 
611 1 1012 740 131 116 0 
612 1 1010 742 131 116 0 
613 1 1008 742 131 116 0 
614 1 1004 742 131 116 0 
615 1 1002 743 131 116 0 
616 1 1000 743 131 116 0 
617 1 996 743 131 116 0 
618 1 994 745 131 116 0 
619 1 992 745 131 116 0 
620 1 990 747 131 116 0 
621 1 988 747 131 116 0 
622 1 986 749 131 116 0 
623 1 984 749 131 116 0 
624 1 982 749 131 116 0 
625 1 981 751 128 114 0 
626 1 979 752 129 114 0 
627 1 977 752 129 114 0 
628 1 975 752 129 114 0 
629 1 973 754 129 114 0 
630 1 971 754 129 114 0 
631 1 969 754 129 114 0 
632 1 967 754 129 114 0 
633 1 965 756 129 114 0 
634 1 963 756 129 114 0 
635 1 961 756 129 114 0 
636 1 959 756 129 114 0 
637 1 957 756 129 114 0 
638 1 955 756 129 114 0 
639 1 953 756 129 114 0 
640 1 949 756 129 114 0 
641 1 947 756 129 114 0 
642 1 946 757 129 114 0 
643 1 943 756 130 116 0 
644 1 915 744 159 140 0 
645 1 938 757 129 114 0 
646 1 936 757 129 114 0 
647 1 933 756 129 114 0 
648 1 930 757 127 112 0 
649 1 928 757 127 112 0 
650 1 924 757 127 112 0 
651 1 922 757 127 112 0 
652 1 918 756 128 114 0 
653 1 915 756 129 114 0 
654 1 912 756 128 114 0 
655 1 909 756 129 114 0 
656 1 907 757 126 112 0 
657 1 904 756 128 114 0 
658 1 902 757 127 112 0 
659 1 900 757 127 112 0 
660 1 898 757 127 112 0 
661 1 898 757 127 112 0 
662 1 896 757 127 112 0 
663 1 896 757 127 112 0 
664 1 894 757 127 112 0 
665 1 892 757 127 112 0 
666 1 892 757 127 112 0 
667 1 890 759 127 112 0 
668 1 888 759 127 112 0 
669 1 888 761 127 112 0 
670 1 886 761 127 112 0 
671 1 884 763 127 112 0 
672 1 882 763 127 112 0 
673 1 882 763 127 112 0 
674 1 880 765 127 112 0 
675 1 878 765 127 112 0 
676 1 876 765 127 112 0 
677 1 850 752 156 138 0 
678 1 849 752 156 138 0 
679 1 847 752 156 138 0 
680 1 870 764 127 112 0 
681 1 864 749 158 140 0 
682 1 867 763 127 112 0 
683 1 861 749 157 138 0 
684 1 839 749 156 138 0 
685 1 840 751 151 134 0 
686 1 838 750 151 134 0 
687 1 838 750 151 134 0 
688 1 836 748 151 134 0 
689 1 836 748 151 134 0 
690 1 834 748 151 134 0 
691 1 834 748 151 134 0 
692 1 832 748 151 134 0 
693 1 832 748 151 134 0 
694 1 830 748 151 134 0 
695 1 828 748 151 134 0 
696 1 828 746 151 134 0 
697 1 824 744 156 138 0 
698 1 823 743 156 138 0 
699 1 824 744 151 134 0 
700 1 820 742 156 138 0 
701 1 819 741 156 138 0 
702 1 820 743 151 134 0 
703 1 816 741 156 138 0 
704 1 837 740 156 138 0 
705 1 814 741 156 138 0 
706 1 816 743 150 134 0 
707 1 834 741 156 138 0 
708 1 812 742 156 138 0 
709 1 814 745 151 134 0 
710 1 833 743 156 138 0 
711 1 814 746 151 134 0 
712 1 814 746 151 134 0 
713 1 814 748 151 134 0 
714 1 814 748 151 134 0 
715 1 814 748 151 134 0 
716 1 836 761 125 110 0 
717 1 836 761 125 110 0 
718 1 813 748 150 134 0 
719 1 835 760 125 110 0 
720 1 834 759 124 110 0 
721 1 834 759 124 110 0 
722 1 834 759 124 110 0 
723 1 832 759 124 110 0 
724 1 833 760 124 110 0 
725 1 833 760 124 110 0 
726 1 832 760 125 110 0 
727 1 833 762 123 108 0 
728 1 808 751 149 132 0 
729 1 807 750 150 134 0 
730 1 807 751 148 132 0 
731 1 806 752 149 132 0 
732 1 805 752 149 132 0 
733 1 828 763 123 108 0 
734 1 825 752 149 132 0 
735 1 803 751 149 132 0 
736 1 823 750 150 134 0 
737 1 823 750 150 134 0 
738 1 824 763 123 108 0 
739 1 824 763 123 108 0 
740 1 823 763 123 108 0 
741 1 800 751 148 132 0 
742 1 800 750 148 132 0 
743 1 826 764 117 104 0 
744 1 826 764 117 104 0 
745 1 826 762 117 104 0 
746 1 826 762 117 104 0 
747 1 826 762 117 104 0 
748 1 822 758 122 108 0 
749 1 822 758 122 108 0 
750 1 822 756 122 108 0 
751 1 822 756 122 108 0 
752 1 822 756 122 108 0 
753 1 822 756 122 108 0 
754 1 822 754 122 108 0 
755 1 820 744 147 130 0 
756 1 822 754 122 108 0 
757 1 801 745 145 128 0 
758 1 824 756 117 104 0 
759 1 824 756 117 104 0 
760 1 824 756 117 104 0 
761 1 824 756 117 104 0 
762 1 824 756 117 104 0 
763 1 824 756 117 104 0 
764 1 824 756 117 104 0 
765 1 824 756 117 104 0 
766 1 824 756 117 104 0 
767 1 824 756 117 104 0 
768 1 800 747 143 126 0 
769 1 799 747 144 128 0 
770 1 799 747 144 128 0 
771 1 823 760 116 104 0 
772 1 823 760 116 104 0 
773 1 823 760 116 104 0 
774 1 823 760 116 104 0 
775 1 823 762 116 104 0 
776 1 822 762 115 102 0 
777 1 822 763 115 102 0 
778 1 822 762 115 102 0 
779 1 822 762 115 102 0 
780 1 798 750 143 126 0 
781 1 821 762 115 102 0 
782 1 798 749 143 126 0 
783 1 818 748 144 128 0 
784 1 823 761 115 102 0 
785 1 823 761 114 102 0 
786 1 824 761 114 102 0 
787 1 825 761 114 102 0 
788 1 801 749 142 126 0 
789 1 801 749 142 126 0 
790 1 801 749 142 126 0 
791 1 801 749 142 126 0 
792 1 801 751 142 126 0 
793 1 803 751 142 126 0 
794 1 828 763 113 100 0 
795 1 828 764 113 100 0 
796 1 828 763 114 102 0 
797 1 828 763 114 102 0 
798 1 828 763 114 102 0 
799 1 828 763 114 102 0 
800 1 830 763 114 102 0 
801 1 831 763 114 102 0 
802 1 831 763 114 102 0 
803 1 831 761 114 102 0 
804 1 833 761 114 102 0 
805 1 835 762 112 100 0 
806 1 835 762 112 100 0 
807 1 835 760 112 100 0 
808 1 837 760 112 100 0 
809 1 837 760 112 100 0 
810 1 837 760 112 100 0 
811 1 837 762 112 100 0 
812 1 839 762 112 100 0 
813 1 839 762 112 100 0 
814 1 839 762 112 100 0 
815 1 839 764 112 100 0 
816 1 839 764 112 100 0 
817 1 839 764 114 102 0 
818 1 839 764 114 102 0 
819 1 839 764 114 102 0 
820 1 839 764 114 102 0 
821 1 841 764 114 102 0 
822 1 841 764 114 102 0 
823 1 841 764 114 102 0 
824 1 841 764 114 102 0 
825 1 841 762 114 102 0 
826 1 841 762 114 102 0 
827 1 841 760 114 102 0 
828 1 841 760 114 102 0 
829 1 841 758 114 102 0 
830 1 841 758 114 102 0 
831 1 843 758 114 102 0 
832 1 843 756 114 102 0 
833 1 843 756 114 102 0 
834 1 843 756 114 102 0 
835 1 843 756 114 102 0 
836 1 843 756 114 102 0 
837 1 843 756 114 102 0 
838 1 843 756 114 102 0 
839 1 843 756 114 102 0 
840 1 843 756 114 102 0 
841 1 843 756 114 102 0 
842 1 843 756 114 102 0 
843 1 843 758 114 102 0 
844 1 837 743 147 130 0 
845 1 837 743 147 130 0 
846 1 837 743 147 130 0 
847 1 837 743 147 130 0 
848 1 837 743 147 130 0 
849 1 837 743 147 130 0 
850 1 837 743 147 130 0 
851 1 837 743 147 130 0 
852 1 837 743 147 130 0 
853 1 837 741 147 130 0 
854 1 837 741 147 130 0 
855 1 837 741 147 130 0 
856 1 837 741 147 130 0 
857 1 837 741 147 130 0 
858 1 837 743 147 130 0 
859 1 837 743 147 130 0 
860 1 837 743 147 130 0 
861 1 837 743 147 130 0 
862 1 837 743 147 130 0 
863 1 837 743 147 130 0 
864 1 837 745 147 130 0 
865 1 842 757 116 104 0 
866 1 842 757 116 104 0 
867 1 842 758 116 104 0 
868 1 816 744 146 130 0 
869 1 816 744 146 130 0 
870 1 816 744 146 130 0 
871 1 816 744 146 130 0 
872 1 836 744 148 132 0 
873 1 836 744 148 132 0 
874 1 836 744 148 132 0 
875 1 816 746 147 130 0 
876 1 816 745 148 132 0 
877 1 816 745 147 130 0 
878 1 843 758 117 104 0 
879 1 816 744 148 132 0 
880 1 817 745 146 130 0 
881 1 842 758 117 104 0 
882 1 817 744 148 132 0 
883 1 838 745 147 130 0 
884 1 838 746 147 130 0 
885 1 818 747 147 130 0 
886 1 818 747 147 130 0 
887 1 839 746 147 130 0 
888 1 819 747 148 132 0 
889 1 840 746 147 130 0 
890 1 820 747 147 130 0 
891 1 820 747 147 130 0 
892 1 843 757 122 108 0 
893 1 821 747 146 130 0 
894 1 821 747 147 130 0 
895 1 822 746 146 130 0 
896 1 822 746 146 130 0 
897 1 843 745 148 132 0 
898 1 823 746 146 130 0 
899 1 823 748 147 130 0 
900 1 824 748 146 130 0 
901 1 819 735 176 156 0 
902 1 848 761 117 104 0 
903 1 844 748 147 130 0 
904 1 823 749 146 130 0 
905 1 844 748 147 130 0 
906 1 843 748 147 130 0 
907 1 847 761 117 104 0 
908 1 823 749 145 128 0 
909 1 823 749 145 128 0 
910 1 823 749 145 128 0 
911 1 823 749 145 128 0 
912 1 823 749 145 128 0 
913 1 822 749 145 128 0 
914 1 818 736 175 154 0 
915 1 842 748 147 130 0 
916 1 842 748 147 130 0 
917 1 823 750 145 128 0 
918 1 842 749 147 130 0 
919 1 842 749 147 130 0 
920 1 823 751 144 128 0 
921 1 823 751 144 128 0 
922 1 848 764 115 102 0 
923 1 848 763 116 104 0 
924 1 844 750 146 130 0 
925 1 824 751 144 128 0 
926 1 845 750 146 130 0 
927 1 845 750 146 130 0 
928 1 845 750 146 130 0 
929 1 845 750 146 130 0 
930 1 845 750 146 130 0 
931 1 845 750 146 130 0 
932 1 845 748 146 130 0 
933 1 845 748 146 130 0 
934 1 845 748 146 130 0 
935 1 847 748 146 130 0 
936 1 847 748 146 130 0 
937 1 847 748 146 130 0 
938 1 847 748 146 130 0 
939 1 827 749 145 128 0 
940 1 852 762 115 102 0 
941 1 852 761 116 104 0 
942 1 852 761 116 104 0 
943 1 828 750 145 128 0 
944 1 853 761 117 104 0 
945 1 853 762 115 102 0 
946 1 829 749 145 128 0 
947 1 831 749 144 128 0 
948 1 831 749 144 128 0 
949 1 831 749 144 128 0 
950 1 831 749 144 128 0 
951 1 831 749 144 128 0 
952 1 833 749 144 128 0 
953 1 833 751 144 128 0 
954 1 833 751 144 128 0 
955 1 833 751 144 128 0 
956 1 833 751 144 128 0 
957 1 833 751 144 128 0 
958 1 833 751 144 128 0 
959 1 833 751 144 128 0 
960 1 833 749 144 128 0 
961 1 835 749 144 128 0 
962 1 835 749 144 128 0 
963 1 835 749 144 128 0 
964 1 859 762 115 102 0 
965 1 859 760 116 104 0 
966 1 855 748 145 128 0 
967 1 855 748 145 128 0 
968 1 855 748 145 128 0 
969 1 855 749 145 128 0 
970 1 855 750 145 128 0 
971 1 855 752 145 128 0 
972 1 855 752 145 128 0 
973 1 855 752 145 128 0 
974 1 855 752 145 128 0 
975 1 855 752 145 128 0 
976 1 855 752 145 128 0 
977 1 855 752 145 128 0 
978 1 855 752 145 128 0 
979 1 855 752 145 128 0 
980 1 855 752 145 128 0 
981 1 855 752 145 128 0 
982 1 855 750 145 128 0 
983 1 855 750 145 128 0 
984 1 855 750 145 128 0 
985 1 855 750 145 128 0 
986 1 855 750 145 128 0 
987 1 855 748 145 128 0 
988 1 855 748 145 128 0 
989 1 855 748 145 128 0 
990 1 855 748 145 128 0 
991 1 853 748 145 128 0 
992 1 853 750 145 128 0 
993 1 853 750 145 128 0 
994 1 853 750 145 128 0 
995 1 853 752 145 128 0 
996 1 853 752 145 128 0 
997 1 853 752 145 128 0 
998 1 853 752 145 128 0 
999 1 853 752 145 128 0 
1000 1 853 752 145 128 0 
1001 1 853 752 145 128 0 
1002 1 853 750 145 128 0 
1003 1 853 750 145 128 0 
1004 1 853 750 145 128 0 
1005 1 853 750 145 128 0 
1006 1 853 750 145 128 0 
1007 1 853 750 145 128 0 
1008 1 853 750 145 128 0 
1009 1 853 750 145 128 0 
1010 1 853 750 145 128 0 
1011 1 853 750 145 128 0 
1012 1 853 750 145 128 0 
1013 1 853 750 145 128 0 
1014 1 853 750 145 128 0 
1015 1 853 750 145 128 0 
1016 1 853 750 145 128 0 
1017 1 853 750 145 128 0 
1018 1 853 750 145 128 0 
1019 1 853 750 145 128 0 
1020 1 853 752 145 128 0 
1021 1 853 752 145 128 0 
1022 1 853 752 145 128 0 
1023 1 853 752 145 128 0 
1024 1 853 752 145 128 0 
1025 1 853 752 145 128 0 
1026 1 853 752 145 128 0 
1027 1 853 752 145 128 0 
1028 1 853 752 145 128 0 
1029 1 853 752 145 128 0 
1030 1 853 752 145 128 0 
1031 1 853 750 145 128 0 
1032 1 853 750 145 128 0 
1033 1 853 750 145 128 0 
1034 1 853 750 145 128 0 
1035 1 851 748 145 128 0 
1036 1 851 748 145 128 0 
1037 1 851 748 145 128 0 
1038 1 851 748 145 128 0 
1039 1 851 748 145 128 0 
1040 1 851 748 145 128 0 
1041 1 851 748 145 128 0 
1042 1 849 750 145 128 0 
1043 1 849 750 145 128 0 
1044 1 849 750 145 128 0 
1045 1 849 750 145 128 0 
1046 1 849 750 145 128 0 
1047 1 849 750 145 128 0 
1048 1 849 750 145 128 0 
1049 1 849 750 145 128 0 
1050 1 849 750 145 128 0 
1051 1 849 750 145 128 0 
1052 1 849 750 145 128 0 
1053 1 849 750 145 128 0 
1054 1 849 752 145 128 0 
1055 1 849 752 145 128 0 
1056 1 849 752 145 128 0 
1057 1 849 752 145 128 0 
1058 1 849 752 145 128 0 
1059 1 849 752 145 128 0 
1060 1 849 752 145 128 0 
1061 1 849 752 145 128 0 
1062 1 849 752 145 128 0 
1063 1 849 752 145 128 0 
1064 1 849 752 145 128 0 
1065 1 849 752 145 128 0 
1066 1 849 752 145 128 0 
1067 1 849 752 145 128 0 
1068 1 849 752 145 128 0 
1069 1 849 752 145 128 0 
1070 1 849 752 145 128 0 
1071 1 849 752 145 128 0 
1072 1 849 752 145 128 0 
1073 1 849 754 145 128 0 
1074 1 849 754 145 128 0 
1075 1 849 754 145 128 0 
1076 1 849 754 145 128 0 
1077 1 847 754 145 128 0 
1078 1 847 754 145 128 0 
1079 1 847 754 145 128 0 
1080 1 847 752 145 128 0 
1081 1 847 752 145 128 0 
1082 1 847 750 145 128 0 
1083 1 847 750 145 128 0 
1084 1 847 748 145 128 0 
1085 1 847 748 145 128 0 
1086 1 847 748 145 128 0 
1087 1 845 746 145 128 0 
1088 1 845 746 145 128 0 
1089 1 845 748 145 128 0 
1090 1 819 744 151 134 0 
1091 1 842 756 125 110 0 
1092 1 842 758 123 108 0 
1093 1 842 757 124 110 0 
1094 1 842 758 124 110 0 
1095 1 837 744 156 138 0 
1096 1 841 758 126 112 0 
1097 1 841 758 126 112 0 
1098 1 841 758 126 112 0 
1099 1 841 758 126 112 0 
1100 1 841 758 126 112 0 
1101 1 841 758 126 112 0 
1102 1 841 758 126 112 0 
1103 1 841 758 126 112 0 
1104 1 840 758 126 112 0 
1105 1 840 758 126 112 0 
1106 1 840 758 126 112 0 
1107 1 840 758 126 112 0 
1108 1 838 757 126 112 0 
1109 1 838 756 126 112 0 
1110 1 838 755 126 112 0 
1111 1 838 755 126 112 0 
1112 1 838 755 126 112 0 
1113 1 838 755 126 112 0 
1114 1 838 755 126 112 0 
1115 1 836 754 127 112 0 
1116 1 836 755 127 112 0 
1117 1 836 755 127 112 0 
1118 1 836 755 127 112 0 
1119 1 836 755 127 112 0 
1120 1 836 755 127 112 0 
1121 1 836 755 127 112 0 
1122 1 834 755 127 112 0 
1123 1 834 755 127 112 0 
1124 1 834 755 127 112 0 
1125 1 834 755 127 112 0 
1126 1 834 754 127 112 0 
1127 1 834 755 127 112 0 
1128 1 834 755 127 112 0 
1129 1 834 755 127 112 0 
1130 1 834 755 127 112 0 
1131 1 834 755 127 112 0 
1132 1 834 755 127 112 0 
1133 1 834 753 127 112 0 
1134 1 832 753 127 112 0 
1135 1 832 753 127 112 0 
1136 1 832 753 127 112 0 
1137 1 832 751 127 112 0 
1138 1 832 751 127 112 0 
1139 1 832 751 127 112 0 
1140 1 832 751 127 112 0 
1141 1 832 751 127 112 0 
1142 1 832 751 127 112 0 
1143 1 831 750 125 110 0 
1144 1 832 750 125 110 0 
1145 1 830 750 126 112 0 
1146 1 830 750 126 112 0 
1147 1 830 750 132 117 0 
1148 1 827 748 132 117 0 
1149 1 827 750 132 117 0 
1150 1 827 750 126 112 0 
1151 1 830 754 132 117 0 
1152 1 827 752 126 112 0 
1153 1 830 754 126 112 0 
1154 1 830 754 126 112 0 
1155 1 830 756 126 112 0 
1156 1 830 756 126 112 0 
1157 1 830 756 126 112 0 
1158 1 830 756 126 112 0 
1159 1 804 744 156 138 0 
1160 1 830 757 126 112 0 
1161 1 830 757 126 112 0 
1162 1 830 758 125 110 0 
1163 1 830 758 125 110 0 
1164 1 830 758 125 110 0 
1165 1 830 760 125 110 0 
1166 1 830 760 125 110 0 
1167 1 830 760 125 110 0 
1168 1 830 762 125 110 0 
1169 1 830 762 126 112 0 
1170 1 831 763 125 110 0 
1171 1 829 750 151 134 0 
1172 1 808 750 151 134 0 
1173 1 832 762 124 110 0 
1174 1 808 750 151 134 0 
1175 1 832 761 125 110 0 
1176 1 809 748 150 134 0 
1177 1 809 748 150 134 0 
1178 1 831 747 150 134 0 
1179 1 831 746 150 134 0 
1180 1 810 746 150 134 0 
1181 1 834 758 124 110 0 
1182 1 834 758 124 110 0 
1183 1 832 746 150 134 0 
1184 1 834 758 124 110 0 
1185 1 835 759 123 108 0 
1186 1 833 746 150 134 0 
1187 1 838 761 117 104 0 
1188 1 836 760 123 108 0 
1189 1 836 758 123 108 0 
1190 1 836 758 123 108 0 
1191 1 838 756 123 108 0 
1192 1 815 744 148 132 0 
1193 1 838 755 123 108 0 
1194 1 838 755 123 108 0 
1195 1 838 755 123 108 0 
1196 1 840 755 123 108 0 
1197 1 840 756 122 108 0 
1198 1 838 745 148 132 0 
1199 1 841 758 122 108 0 
1200 1 841 760 122 108 0 
1201 1 843 760 122 108 0 
1202 1 843 762 122 108 0 
1203 1 820 751 147 130 0 
1204 1 847 764 116 104 0 
1205 1 846 764 117 104 0 
1206 1 846 762 117 104 0 
1207 1 847 761 116 104 0 
1208 1 847 762 117 104 0 
1209 1 848 763 116 104 0 
1210 1 848 765 115 102 0 
1211 1 848 765 116 104 0 
1212 1 825 754 144 128 0 
1213 1 850 768 115 102 0 
1214 1 827 756 143 126 0 
1215 1 827 756 143 126 0 
1216 1 827 756 143 126 0 
1217 1 827 756 143 126 0 
1218 1 852 768 115 102 0 
1219 1 852 768 115 102 0 
1220 1 849 756 143 126 0 
1221 1 849 757 143 126 0 
1222 1 854 769 114 102 0 
1223 1 855 770 113 100 0 
1224 1 830 757 142 126 0 
1225 1 830 757 142 126 0 
1226 1 830 755 142 126 0 
1227 1 830 755 142 126 0 
1228 1 830 753 142 126 0 
1229 1 830 753 142 126 0 
1230 1 830 753 142 126 0 
1231 1 830 753 142 126 0 
1232 1 830 753 142 126 0 
1233 1 830 753 142 126 0 
1234 1 830 755 142 126 0 
1235 1 856 767 112 100 0 
1236 1 856 767 112 100 0 
1237 1 856 767 112 100 0 
1238 1 856 767 112 100 0 
1239 1 856 767 112 100 0 
1240 1 856 767 112 100 0 
1241 1 856 769 112 100 0 
1242 1 856 767 112 100 0 
1243 1 856 767 112 100 0 
1244 1 856 767 112 100 0 
1245 1 856 767 112 100 0 
1246 1 856 765 112 100 0 
1247 1 856 765 112 100 0 
1248 1 856 765 112 100 0 
1249 1 856 765 112 100 0 
1250 1 856 765 112 100 0 
1251 1 856 765 112 100 0 
1252 1 856 765 112 100 0 
1253 1 856 767 112 100 0 
1254 1 856 767 112 100 0 
1255 1 856 767 112 100 0 
1256 1 856 767 112 100 0 
1257 1 856 769 112 100 0 
1258 1 856 769 112 100 0 
1259 1 856 769 112 100 0 
1260 1 838 763 132 118 0 
1261 1 857 763 132 118 0 
1262 1 857 763 132 118 0 
1263 1 857 763 132 118 0 
1264 1 859 764 130 116 0 
1265 1 858 764 131 116 0 
1266 1 858 763 131 116 0 
1267 1 860 772 108 96 0 
1268 1 860 772 108 96 0 
1269 1 860 772 108 96 0 
1270 1 860 772 108 96 0 
1271 1 860 772 108 96 0 
1272 1 860 772 108 96 0 
1273 1 860 772 108 96 0 
1274 1 860 772 108 96 0 
1275 1 860 772 108 96 0 
1276 1 860 772 108 96 0 
1277 1 860 774 108 96 0 
1278 1 860 774 108 96 0 
1279 1 860 774 108 96 0 
1280 1 860 776 108 96 0 
1281 1 860 776 108 96 0 
1282 1 860 776 108 96 0 
1283 1 860 776 108 96 0 
1284 1 860 776 108 96 0 
1285 1 860 774 108 96 0 
1286 1 858 774 108 96 0 
1287 1 858 774 108 96 0 
1288 1 858 774 108 96 0 
1289 1 858 774 108 96 0 
1290 1 858 774 108 96 0 
1291 1 858 772 108 96 0 
1292 1 859 775 105 92 0 
1293 1 858 775 105 92 0 
1294 1 861 777 99 88 0 
1295 1 857 774 105 92 0 
1296 1 857 774 104 92 0 
1297 1 836 764 127 112 0 
1298 1 836 762 127 112 0 
1299 1 836 760 127 112 0 
1300 1 834 758 127 112 0 
1301 1 834 756 127 112 0 
1302 1 834 754 127 112 0 
1303 1 834 752 127 112 0 
1304 1 832 752 127 112 0 
1305 1 832 752 127 112 0 
1306 1 832 752 127 112 0 
1307 1 830 754 127 112 0 
1308 1 830 756 127 112 0 
1309 1 830 758 127 112 0 
1310 1 830 758 127 112 0 
1311 1 828 760 127 112 0 
1312 1 828 760 127 112 0 
1313 1 828 760 127 112 0 
1314 1 828 758 127 112 0 
1315 1 828 758 127 112 0 
1316 1 826 758 127 112 0 
1317 1 826 756 127 112 0 
1318 1 826 756 127 112 0 
1319 1 826 756 127 112 0 
1320 1 824 756 127 112 0 
1321 1 824 756 127 112 0 
1322 1 824 756 127 112 0 
1323 1 824 758 127 112 0 
1324 1 845 770 98 88 0 
1325 1 845 770 98 88 0 
1326 1 845 772 98 88 0 
1327 1 843 772 98 88 0 
1328 1 843 772 98 88 0 
1329 1 843 772 98 88 0 
1330 1 843 772 98 88 0 
1331 1 841 770 98 88 0 
1332 1 841 770 98 88 0 
1333 1 841 770 98 88 0 
1334 1 841 770 98 88 0 
1335 1 841 770 98 88 0 
1336 1 839 770 98 88 0 
1337 1 839 770 98 88 0 
1338 1 839 772 98 88 0 
1339 1 839 772 98 88 0 
1340 1 839 774 98 88 0 
1341 1 839 774 98 88 0 
1342 1 839 774 98 88 0 
1343 1 837 774 98 88 0 
1344 1 837 772 98 88 0 
1345 1 816 762 122 108 0 
1346 1 838 772 96 86 0 
1347 1 838 770 96 86 0 
1348 1 838 770 96 86 0 
1349 1 836 768 96 86 0 
1350 1 836 768 96 86 0 
1351 1 836 766 96 86 0 
1352 1 836 766 96 86 0 
1353 1 836 766 96 86 0 
1354 1 836 764 96 86 0 
1355 1 836 764 96 86 0 
1356 1 836 764 96 86 0 
1357 1 834 764 96 86 0 
1358 1 834 766 96 86 0 
1359 1 834 766 96 86 0 
1360 1 834 766 96 86 0 
1361 1 834 766 96 86 0 
1362 1 834 766 96 86 0 
1363 1 834 766 96 86 0 
1364 1 834 766 96 86 0 
1365 1 834 766 96 86 0 
1366 1 834 766 96 86 0 
1367 1 834 768 96 86 0 
1368 1 834 766 96 86 0 
1369 1 834 766 96 86 0 
1370 1 815 757 117 104 0 
1371 1 815 757 117 104 0 
1372 1 815 755 117 104 0 
1373 1 815 755 117 104 0 
1374 1 815 755 117 104 0 
1375 1 815 755 117 104 0 
1376 1 815 755 117 104 0 
1377 1 815 755 117 104 0 
1378 1 815 755 117 104 0 
1379 1 815 755 117 104 0 
1380 1 815 755 117 104 0 
1381 1 815 755 117 104 0 
1382 1 815 755 117 104 1 
1383 1 815 755 117 104 1 
1384 1 815 753 117 104 1 
1385 1 815 753 117 104 1 
1386 1 815 755 117 104 0 
1387 1 815 755 117 104 0 
1388 1 815 755 117 104 0 
1389 1 815 755 117 104 0 
1390 1 815 755 117 104 0 
1391 1 817 757 117 104 1 
1392 1 817 757 117 104 1 
1393 1 817 757 117 104 0 
1394 1 817 759 117 104 0 
1395 1 817 759 117 104 0 
1396 1 817 759 117 104 0 
1397 1 817 759 117 104 0 
1398 1 817 759 117 104 0 
1399 1 817 759 117 104 0 
1400 1 817 759 117 104 0 
1401 1 817 759 117 104 0 
1402 1 817 757 117 104 0 
1403 1 817 757 117 104 0 
1404 1 838 767 93 82 0 
1405 1 838 767 93 82 0 
1406 1 838 767 93 82 0 
1407 1 838 765 93 82 0 
1408 1 838 765 93 82 0 
1409 1 838 765 93 82 0 
1410 1 838 765 93 82 0 
1411 1 838 765 93 82 0 
1412 1 838 765 93 82 0 
1413 1 838 765 93 82 0 
1414 1 838 763 93 82 0 
1415 1 838 763 93 82 0 
1416 1 838 763 93 82 0 
1417 1 838 763 93 82 0 
1418 1 838 763 93 82 0 
1419 1 838 763 93 82 0 
1420 1 838 763 93 82 0 
1421 1 838 763 93 82 0 
1422 1 838 763 93 82 0 
1423 1 838 761 93 82 0 
1424 1 838 761 93 82 0 
1425 1 838 761 93 82 0 
1426 1 838 761 93 82 0 
1427 1 838 761 93 82 0 
1428 1 838 761 93 82 0 
1429 1 840 761 93 82 0 
1430 1 840 759 93 82 0 
1431 1 840 761 93 82 0 
1432 1 840 759 93 82 0 
1433 1 840 759 93 82 0 
1434 1 840 759 93 82 0 
1435 1 840 759 93 82 0 
1436 1 840 759 93 82 0 
1437 1 840 761 93 82 0 
1438 1 840 761 93 82 0 
1439 1 840 761 93 82 0 
1440 1 840 761 93 82 0 
