1 0 
2 0 
3 0 
4 0 
5 0 
6 0 
7 0 
8 0 
9 0 
10 0 
11 0 
12 0 
13 0 
14 0 
15 0 
16 1 376 768 98 87 0 
17 1 344 774 93 82 0 
18 1 312 760 98 87 0 
19 0 
20 0 
21 0 
22 0 
23 1 370 781 100 87 0 
24 1 340 783 100 87 0 
25 1 300 779 100 87 0 
26 0 
27 0 
28 0 
29 0 
30 0 
31 0 
32 0 
33 0 
34 0 
35 0 
36 0 
37 0 
38 0 
39 0 
40 0 
41 0 
42 0 
43 0 
44 0 
45 0 
46 0 
47 0 
48 0 
49 0 
50 0 
51 0 
52 1 1167 838 116 75 0 
53 1 1153 836 110 71 0 
54 1 1140 838 110 71 0 
55 1 1069 831 96 69 0 
56 1 1059 829 100 72 0 
57 2 1047 818 115 80 0 1114 725 263 181 0 
58 2 1039 816 109 76 0 1104 725 250 172 0 
59 2 1034 814 109 76 0 1094 725 250 172 0 
60 1 1031 676 301 221 0 
61 1 1023 674 301 221 0 
62 1 1041 680 267 212 0 
63 1 1038 679 261 210 0 
64 1 1032 679 261 210 0 
65 1 1024 677 248 200 0 
66 1 1031 654 241 226 0 
67 1 1020 639 246 237 0 
68 1 1017 636 245 236 0 
69 1 1021 652 219 215 0 
70 1 1019 652 208 204 0 
71 1 1012 654 213 209 0 
72 1 1008 686 207 174 0 
73 1 1011 694 195 164 0 
74 1 1007 694 195 164 0 
75 1 1003 670 197 189 0 
76 1 1001 672 197 189 0 
77 1 1001 678 187 180 0 
78 1 1006 705 171 153 0 
79 1 976 681 223 178 0 
80 1 997 709 171 149 0 
81 1 998 710 164 143 0 
82 1 990 709 171 142 0 
83 1 988 707 169 141 0 
84 1 993 705 159 141 0 
85 1 993 713 154 129 0 
86 1 991 713 153 127 0 
87 1 989 711 153 127 0 
88 1 996 708 139 128 0 
89 1 1004 706 129 128 0 
90 1 1002 704 129 128 0 
91 1 1000 704 122 121 0 
92 1 958 703 165 122 0 
93 1 960 703 161 123 0 
94 1 974 709 141 117 0 
95 1 985 698 126 126 0 
96 1 995 724 99 99 0 
97 1 978 697 127 125 0 
98 1 975 693 131 129 0 
99 1 977 709 124 113 0 
100 1 974 700 126 121 0 
101 1 968 697 133 122 0 
102 1 969 697 127 121 0 
103 1 968 695 125 120 0 
104 1 977 709 106 104 0 
105 1 969 699 118 112 0 
106 1 975 711 101 98 0 
107 1 964 695 121 112 0 
108 1 963 695 119 111 0 
109 1 961 697 119 109 0 
110 1 962 700 109 106 0 
111 1 959 698 113 106 0 
112 1 959 699 110 103 0 
113 1 957 715 109 85 0 
114 1 957 698 103 102 0 
115 1 953 694 107 102 0 
116 1 953 697 107 99 0 
117 1 950 697 111 99 0 
118 1 955 715 95 84 0 
119 1 946 700 109 98 0 
120 1 946 702 110 97 0 
121 1 946 702 105 97 0 
122 1 949 704 97 93 0 
123 1 947 702 97 93 0 
124 1 946 700 95 93 0 
125 1 946 700 95 91 0 
126 1 945 698 95 90 0 
127 1 945 699 91 88 0 
128 1 945 698 90 88 0 
129 1 942 698 93 88 0 
130 1 941 701 93 86 0 
131 1 942 703 89 84 0 
132 1 940 705 91 84 0 
133 1 940 708 89 83 0 
134 1 939 708 87 84 0 
135 1 937 710 87 82 0 
136 1 939 712 81 80 0 
137 1 937 716 83 76 0 
138 1 939 717 77 74 0 
139 1 934 710 85 80 0 
140 1 934 708 83 81 0 
141 1 934 708 81 80 0 
142 1 932 710 86 78 0 
143 1 932 712 86 78 0 
144 1 930 715 83 75 0 
145 1 932 714 78 77 0 
146 1 928 717 83 75 0 
147 1 928 718 81 75 0 
148 1 928 721 79 73 0 
149 1 929 724 75 70 0 
150 1 930 722 73 70 0 
151 1 928 720 77 71 0 
152 1 930 726 71 65 0 
153 1 928 716 75 73 0 
154 1 926 714 77 73 0 
155 1 919 715 91 72 0 
156 1 926 715 77 72 0 
157 1 925 718 75 69 0 
158 1 918 720 85 68 0 
159 1 922 720 77 69 0 
160 0 
161 0 
162 0 
163 0 
164 1 920 730 71 64 0 
165 0 
166 0 
167 0 
168 0 
169 0 
170 1 916 723 75 63 0 
171 0 
172 0 
173 0 
174 0 
175 0 
176 0 
177 0 
178 0 
179 0 
180 0 
181 0 
182 0 
183 0 
184 0 
185 0 
186 0 
187 0 
188 0 
189 0 
190 0 
191 0 
192 0 
193 0 
194 0 
195 0 
196 0 
197 0 
198 0 
199 0 
200 0 
201 0 
202 0 
203 0 
204 0 
205 0 
206 0 
207 0 
208 0 
209 0 
210 0 
211 0 
212 0 
213 0 
214 0 
215 0 
216 0 
217 0 
218 0 
219 0 
220 0 
221 0 
222 0 
223 0 
224 0 
225 0 
226 0 
227 0 
228 0 
229 0 
230 0 
231 0 
232 0 
233 0 
234 0 
235 0 
236 0 
237 0 
238 0 
239 0 
240 0 
241 0 
242 0 
243 0 
244 0 
245 0 
246 0 
247 0 
248 0 
249 0 
250 0 
251 0 
252 0 
253 0 
254 0 
255 0 
256 0 
257 0 
258 0 
259 0 
260 0 
261 0 
262 0 
263 0 
264 0 
265 0 
266 0 
267 0 
268 0 
269 0 
270 0 
271 0 
272 0 
273 0 
274 0 
275 0 
276 0 
277 0 
278 0 
279 0 
280 0 
281 0 
282 0 
283 0 
284 0 
285 0 
286 0 
287 0 
288 0 
289 0 
290 0 
291 0 
292 0 
293 0 
294 0 
295 0 
296 0 
297 0 
298 0 
299 0 
300 0 
301 0 
302 0 
303 0 
304 0 
305 0 
306 0 
307 0 
308 0 
309 0 
310 0 
311 0 
312 0 
313 0 
314 0 
315 0 
316 0 
317 0 
318 0 
319 0 
320 1 1174 704 195 169 0 
321 1 1183 719 171 154 0 
322 1 1175 719 171 154 0 
323 2 1146 703 223 169 0 374 778 88 76 0 
324 2 460 776 76 65 0 1145 687 213 184 0 
325 1 1164 705 171 166 0 
326 1 1158 717 173 154 0 
327 1 1152 717 173 154 0 
328 1 1144 717 173 154 0 
329 1 1138 715 164 146 0 
330 1 1132 719 164 146 0 
331 1 1126 717 149 133 0 
332 1 1127 724 149 133 0 
333 1 1127 763 125 117 0 
334 1 1121 763 125 117 0 
335 1 1115 761 119 111 0 
336 1 1112 762 113 106 0 
337 1 1109 762 107 101 0 
338 1 1106 763 107 101 0 
339 1 1102 761 107 101 0 
340 1 1096 759 107 101 0 
341 1 1092 755 102 96 0 
342 1 1089 755 102 96 0 
343 1 1085 753 97 91 0 
344 1 1045 635 353 239 0 
345 1 1042 635 356 238 0 
346 1 1055 611 343 262 0 
347 1 1043 601 353 271 0 
348 1 1076 599 295 272 0 
349 1 1071 598 305 274 0 
350 1 1054 611 331 258 0 
351 1 1028 600 373 268 0 
352 1 1028 604 411 295 0 
353 1 1085 665 243 202 0 
354 1 1069 653 265 213 0 
355 1 1050 636 295 229 0 
356 1 1020 620 337 245 0 
357 1 1071 662 241 202 0 
358 1 1065 661 241 200 0 
359 1 1040 600 271 261 0 
360 1 1026 608 301 249 0 
361 1 1012 615 319 239 0 
362 1 1053 662 225 189 0 
363 1 1032 602 255 247 0 
364 1 1018 630 277 219 0 
365 1 1045 661 219 188 0 
366 1 1034 659 227 188 0 
367 1 1034 662 217 183 0 
368 1 1024 665 227 179 0 
369 1 1027 669 215 175 0 
370 1 1040 671 194 172 0 
371 1 1032 669 201 174 0 
372 1 1028 670 203 171 0 
373 1 1020 666 213 175 0 
374 1 1023 672 199 167 0 
375 1 1023 674 195 165 0 
376 1 1022 677 189 161 0 
377 1 1020 680 183 157 0 
378 1 1014 675 189 160 0 
379 1 994 658 223 177 0 
380 1 965 644 261 189 0 
381 1 996 678 197 155 0 
382 1 999 676 190 157 0 
383 1 990 668 207 164 0 
384 1 972 620 234 210 0 
385 1 976 647 231 182 0 
386 1 962 642 251 187 0 
387 1 991 648 189 179 0 
388 1 993 655 177 172 0 
389 1 989 651 185 176 0 
390 1 1002 685 155 142 0 
391 1 983 681 179 147 0 
392 1 964 634 213 193 0 
393 1 964 634 213 193 0 
394 1 966 641 201 184 0 
395 1 976 656 182 169 0 
396 1 975 659 179 165 0 
397 1 975 658 175 165 0 
398 1 972 656 177 165 0 
399 1 973 649 171 170 0 
400 1 976 662 161 156 0 
401 1 975 661 159 155 0 
402 1 976 660 155 155 0 
403 1 975 666 154 148 0 
404 1 976 679 147 135 0 
405 1 972 678 149 134 0 
406 1 970 681 151 131 0 
407 1 968 684 149 128 0 
408 1 949 668 185 144 0 
409 1 937 662 205 150 0 
410 1 940 659 197 153 0 
411 1 967 689 139 123 0 
412 1 964 679 142 132 0 
413 1 966 688 133 123 0 
414 1 953 666 155 144 0 
415 1 955 667 149 141 0 
416 1 942 669 171 139 0 
417 1 939 651 169 156 0 
418 1 937 668 171 138 0 
419 1 930 654 183 153 0 
420 1 957 685 127 122 0 
421 1 923 657 192 150 0 
422 1 946 682 141 124 0 
423 1 936 674 157 133 0 
424 1 928 668 169 138 0 
425 1 917 660 187 146 0 
426 1 914 660 189 146 0 
427 1 915 658 181 147 0 
428 1 916 658 173 146 0 
429 1 917 658 165 145 0 
430 1 919 662 159 139 0 
431 1 921 664 149 136 0 
432 1 920 665 151 135 0 
433 1 923 665 143 135 0 
434 1 921 665 143 136 0 
435 1 921 674 145 126 0 
436 1 904 665 171 134 0 
437 1 913 671 149 129 0 
438 1 914 676 149 125 0 
439 1 899 666 169 136 0 
440 1 899 666 169 136 0 
441 1 897 666 169 136 0 
442 1 927 697 105 104 0 
443 1 924 693 107 107 0 
444 1 908 679 138 121 0 
445 1 910 682 129 116 0 
446 1 921 692 105 104 0 
447 1 922 700 101 97 0 
448 1 925 704 92 92 0 
449 1 918 700 103 97 0 
450 1 913 693 109 104 0 
451 1 912 694 107 102 0 
452 1 897 681 135 117 0 
453 1 894 681 139 117 0 
454 1 911 698 101 99 0 
455 1 913 701 97 96 0 
456 1 896 678 129 118 0 
457 1 911 701 97 95 0 
458 1 901 688 117 107 0 
459 1 906 696 105 100 0 
460 1 907 696 101 100 0 
461 1 908 700 99 96 0 
462 1 887 678 139 119 0 
463 1 884 684 143 115 0 
464 1 886 679 139 121 0 
465 1 878 684 151 117 0 
466 1 876 678 157 124 0 
467 1 877 680 153 121 0 
468 1 905 711 96 90 0 
469 1 902 706 99 95 0 
470 1 891 689 121 110 0 
471 1 889 680 121 117 0 
472 1 900 700 101 98 0 
473 1 896 697 108 99 0 
474 1 896 695 108 99 0 
475 1 871 675 157 121 0 
476 1 895 700 105 95 0 
477 1 898 703 99 92 0 
478 1 898 701 99 95 0 
479 1 872 677 153 120 0 
480 1 891 690 115 107 0 
481 1 899 704 97 93 0 
482 1 885 680 125 116 0 
483 1 889 691 115 105 0 
484 1 874 680 143 115 0 
485 1 874 678 143 115 0 
486 1 872 676 143 115 0 
487 1 889 689 105 104 0 
488 1 886 688 113 105 0 
489 1 870 683 143 109 0 
490 1 870 683 139 108 0 
491 1 871 686 137 106 0 
492 1 873 684 133 108 0 
493 1 874 684 131 109 0 
494 1 875 686 129 108 0 
495 1 881 687 117 108 0 
496 1 874 686 130 108 0 
497 1 878 687 121 107 0 
498 1 880 691 115 103 0 
499 1 880 686 113 107 0 
500 1 883 693 104 99 0 
501 1 870 685 128 105 0 
502 1 869 686 127 103 0 
503 1 881 690 101 97 0 
504 1 882 690 99 96 0 
505 1 883 699 95 87 0 
506 1 878 685 103 101 0 
507 1 871 693 117 94 0 
508 1 874 689 111 100 0 
509 1 868 686 123 104 0 
510 1 885 707 89 85 0 
511 1 866 690 127 103 0 
512 1 884 712 89 83 0 
513 1 885 711 89 83 0 
514 1 872 694 113 100 0 
515 1 873 697 109 95 0 
516 1 874 694 105 97 0 
517 1 875 694 99 96 0 
518 1 876 700 95 89 0 
519 1 854 686 135 102 0 
520 1 873 694 98 94 0 
521 1 871 697 102 92 0 
522 1 871 695 97 94 0 
523 1 868 695 101 94 0 
524 1 864 688 107 101 0 
525 1 860 690 109 99 0 
526 1 872 705 87 85 0 
527 1 861 695 107 96 0 
528 1 854 691 117 99 0 
529 1 851 690 121 100 0 
530 1 860 700 101 89 0 
531 1 857 696 103 93 0 
532 1 864 705 85 82 0 
533 1 857 695 97 92 0 
534 1 857 692 95 94 0 
535 1 851 688 105 98 0 
536 2 838 690 127 97 0 374 779 80 72 0 
537 1 858 702 85 85 0 
538 1 855 703 87 84 0 
539 1 854 704 87 83 0 
540 1 852 705 87 83 0 
541 1 851 701 87 87 0 
542 1 842 695 103 93 0 
543 1 850 711 85 77 0 
544 1 838 694 107 94 0 
545 1 848 709 85 78 0 
546 1 843 697 93 90 0 
547 1 844 700 87 87 0 
548 1 842 699 89 87 0 
549 1 829 690 111 95 0 
550 1 842 702 83 83 4 
551 1 823 690 119 95 4 
552 1 839 702 86 84 4 
553 1 838 701 85 85 4 
554 1 837 705 83 83 4 
555 1 835 704 86 84 4 
556 1 825 698 101 91 4 
557 1 833 711 82 79 0 
558 1 816 696 113 94 2 
559 1 830 707 83 83 0 
560 1 820 696 102 95 4 
561 1 819 700 102 91 4 
562 1 818 701 101 90 4 
563 1 816 700 99 91 4 
564 1 818 699 93 91 4 
565 1 824 709 81 81 4 
566 1 813 698 101 91 0 
567 1 813 699 99 89 0 
568 1 814 698 95 90 0 
569 1 811 696 99 91 4 
570 1 811 695 98 91 4 
571 1 818 705 82 80 4 
572 1 814 702 87 83 4 
573 1 808 695 99 89 4 
574 1 809 695 95 89 4 
575 1 808 696 95 88 0 
576 1 814 705 81 79 0 
577 1 812 705 83 79 0 
578 1 808 697 91 87 4 
579 1 809 704 87 81 4 
580 1 810 704 85 81 4 
581 1 813 707 79 79 4 
582 1 812 706 81 80 0 
583 1 808 702 89 84 4 
584 1 806 694 95 91 4 
585 1 792 694 123 91 4 
586 1 811 699 85 85 4 
587 1 808 695 93 89 4 
588 1 793 692 124 91 4 
589 1 808 695 93 88 4 
590 1 794 693 123 90 4 
591 1 795 694 121 89 4 
592 1 811 696 91 87 4 
593 1 798 695 119 89 4 
594 1 813 696 91 87 4 
595 1 815 697 89 87 4 
596 1 814 695 95 89 4 
597 1 815 694 95 90 4 
598 1 819 698 90 86 4 
599 1 818 693 97 91 4 
600 1 819 694 97 90 4 
601 1 825 696 89 87 4 
602 1 825 695 93 88 4 
603 1 827 695 91 88 4 
604 1 829 695 89 88 4 
605 1 832 698 87 86 4 
606 1 834 699 89 86 4 
607 1 835 699 89 87 4 
608 1 820 694 123 93 4 
609 1 839 703 87 85 4 
610 1 823 695 123 94 4 
611 1 825 693 125 96 4 
612 1 840 696 100 93 4 
613 1 842 699 99 90 4 
614 1 852 707 83 82 4 
615 1 854 709 83 80 4 
616 1 850 698 95 91 4 
617 1 852 699 96 90 4 
618 1 854 698 96 91 4 
619 1 839 691 129 98 4 
620 1 843 692 125 97 4 
621 1 845 692 123 97 0 
622 1 846 691 127 98 2 
623 1 864 698 95 91 2 
624 1 866 698 93 91 2 
625 1 872 705 85 84 2 
626 1 870 701 93 88 2 
627 1 870 697 97 93 0 
628 1 877 704 87 87 0 
629 1 873 698 99 94 2 
630 1 873 697 101 96 0 
631 1 877 701 95 92 2 
632 1 879 705 93 89 2 
633 1 862 695 129 99 2 
634 1 883 708 91 85 2 
635 1 881 697 97 95 2 
636 1 879 696 103 95 2 
637 1 884 696 97 95 2 
638 1 887 699 95 93 2 
639 1 885 692 103 100 2 
640 1 887 694 101 98 2 
641 1 888 693 103 99 2 
642 1 890 694 103 99 0 
643 1 897 700 93 93 4 
644 1 893 692 105 101 4 
645 1 894 695 109 99 4 
646 1 899 701 103 94 4 
647 1 897 695 111 101 4 
648 1 897 689 113 107 4 
649 1 892 689 126 107 4 
650 1 903 698 107 97 0 
651 1 892 687 133 107 0 
652 1 914 701 93 93 4 
653 1 913 697 98 96 4 
654 1 909 690 110 102 4 
655 1 917 697 97 95 0 
656 1 916 699 101 93 0 
657 2 920 696 97 96 0 465 773 73 65 0 
658 1 921 697 101 96 0 
659 2 922 695 101 98 0 366 768 112 91 0 
660 2 342 770 101 82 0 926 699 97 95 4 
661 2 320 779 111 90 0 928 697 99 97 4 
662 1 924 698 109 96 4 
663 1 927 693 105 101 4 
664 1 934 703 95 90 4 
665 1 935 706 93 87 0 
666 1 935 702 97 91 0 
667 1 925 686 119 107 0 
668 1 937 696 99 97 2 
669 1 937 702 101 91 0 
670 1 939 696 101 99 4 
671 1 938 695 103 100 0 
672 1 941 695 101 100 2 
673 1 944 701 99 96 0 
674 1 943 696 103 101 0 
675 1 943 693 105 104 0 
676 1 944 698 103 100 0 
677 1 942 693 107 104 0 
678 1 942 698 107 100 0 
679 1 941 691 111 106 2 
680 1 943 695 109 103 2 
681 1 944 695 109 103 0 
682 1 942 692 115 108 4 
683 1 949 698 103 102 0 
684 1 936 675 131 125 2 
685 1 949 694 107 107 0 
686 1 949 697 107 103 0 
687 1 950 696 107 105 0 
688 1 932 674 147 126 4 
689 1 932 674 147 126 4 
690 1 944 686 121 112 4 
691 1 926 671 161 126 4 
692 1 926 671 164 127 4 
693 1 951 688 114 110 4 
694 1 950 689 117 109 4 
695 1 951 689 117 111 4 
696 1 953 687 117 113 4 
697 1 950 682 125 120 4 
698 1 948 683 131 120 0 
699 1 949 686 131 119 0 
700 1 950 687 129 119 0 
701 1 952 686 127 121 2 
702 1 953 685 127 122 0 
703 1 963 699 111 108 0 
704 1 949 680 139 126 2 
705 1 966 699 107 107 2 
706 1 962 689 117 114 2 
707 1 953 675 135 129 2 
708 1 959 686 123 116 2 
709 1 954 675 133 127 2 
710 1 957 678 131 124 0 
711 1 964 691 115 111 0 
712 1 957 682 131 121 2 
713 1 957 681 136 124 2 
714 1 956 675 137 130 2 
715 1 958 680 138 126 2 
716 1 960 678 131 127 2 
717 1 961 676 133 129 2 
718 1 961 672 133 133 2 
719 1 958 669 139 136 2 
720 1 958 669 141 137 2 
721 1 945 662 169 142 2 
722 1 958 664 145 140 2 
723 1 955 664 151 140 2 
724 1 956 661 151 142 2 
725 1 951 660 161 143 2 
726 1 960 673 145 130 2 
727 1 965 671 137 132 0 
728 1 959 665 147 139 0 
729 1 966 687 133 117 2 
730 1 963 671 141 134 2 
731 1 964 672 141 134 2 
732 1 962 669 146 137 2 
733 1 965 673 141 134 2 
734 1 956 662 159 144 2 
735 1 957 663 160 145 2 
736 1 953 655 167 154 2 
737 1 950 661 175 149 2 
738 1 955 661 167 150 2 
739 1 954 659 169 152 2 
740 1 949 661 181 152 0 
741 1 965 673 149 140 0 
742 1 951 658 181 155 2 
743 1 965 668 155 145 2 
744 1 947 656 191 157 2 
745 1 967 667 154 146 2 
746 1 966 663 158 151 2 
747 1 968 665 156 149 2 
748 1 967 664 158 150 2 
749 1 960 655 175 159 2 
750 1 968 669 159 145 2 
751 1 971 671 157 144 2 
752 1 971 665 161 150 2 
753 1 973 667 160 148 2 
754 1 972 665 165 150 2 
755 1 975 666 161 149 2 
756 1 976 663 161 152 2 
757 1 977 663 159 153 2 
758 1 979 663 157 153 2 
759 1 980 665 155 152 2 
760 1 983 665 151 151 2 
761 1 981 661 157 156 2 
762 1 982 659 161 158 2 
763 1 985 661 159 156 2 
764 1 984 658 165 160 2 
765 1 984 658 165 160 2 
766 1 987 659 167 161 2 
767 1 988 657 169 163 2 
768 1 988 660 171 161 2 
769 1 989 661 169 160 2 
770 1 993 661 163 160 0 
771 1 993 660 167 161 0 
772 1 993 657 171 163 2 
773 1 970 629 221 192 2 
774 1 998 658 167 163 2 
775 1 998 656 173 166 2 
776 1 998 646 181 176 2 
777 1 1001 650 181 173 2 
778 1 998 651 197 175 2 
779 1 1002 649 191 178 2 
780 1 1004 651 191 178 2 
781 1 1002 689 203 142 0 
782 1 1023 680 167 152 0 
783 1 1015 674 181 158 0 
784 1 1026 679 167 154 4 
785 1 1021 671 183 163 0 
786 1 1024 675 177 158 2 
787 1 1026 675 177 158 2 
788 1 1030 673 177 158 2 
789 1 1024 670 191 165 2 
790 1 992 610 263 227 0 
791 1 993 606 271 232 0 
792 1 997 606 271 232 2 
793 1 999 606 271 232 2 
794 1 1003 608 284 243 2 
795 1 1000 603 284 243 2 
796 1 1004 603 284 243 2 
797 1 1039 639 217 204 2 
798 1 1048 669 207 175 2 
799 1 1053 672 205 173 2 
800 1 1058 672 201 172 2 
801 1 1061 673 201 173 2 
802 1 1065 671 201 173 2 
803 1 1071 671 201 173 2 
804 1 1075 669 201 173 2 
805 1 1065 656 224 191 2 
806 1 1068 655 227 193 2 
807 1 1071 653 231 196 2 
808 1 1078 653 229 197 0 
809 1 1074 652 249 200 4 
810 1 1072 643 261 210 4 
811 1 1089 650 239 204 0 
812 1 1069 627 293 230 2 
813 1 1064 626 309 232 2 
814 1 1084 644 281 215 0 
815 1 1086 639 291 222 4 
816 1 1077 632 309 228 4 
817 1 1084 620 289 241 4 
818 1 1079 622 303 240 4 
819 1 1085 622 303 240 4 
820 1 1093 622 318 251 0 
821 1 1091 627 299 241 0 
822 1 1099 627 313 253 4 
823 1 1098 623 313 253 4 
824 1 1106 625 313 253 4 
825 1 1114 625 313 253 4 
826 1 1124 622 346 278 4 
827 1 1116 611 329 265 4 
828 1 1136 615 346 278 4 
829 1 1150 794 130 85 0 
830 1 1158 794 136 89 0 
831 1 1178 799 114 81 0 
832 1 1175 783 128 97 0 
833 1 1183 783 128 97 0 
834 1 1191 785 128 97 0 
835 1 1217 784 109 97 0 
836 1 1217 775 113 105 0 
837 1 1227 775 118 110 0 
838 1 1199 774 163 110 0 
839 1 1209 768 159 116 0 
840 1 1219 770 159 116 0 
841 1 1229 772 159 116 0 
842 1 1239 774 159 116 0 
843 1 1249 776 159 116 0 
844 1 1261 778 159 116 0 
845 1 1273 780 159 116 0 
846 0 
847 0 
848 0 
849 0 
850 0 
851 0 
852 0 
853 0 
854 0 
855 0 
856 0 
857 0 
858 0 
859 0 
860 0 
861 0 
862 0 
863 0 
864 0 
865 0 
866 0 
867 0 
868 0 
869 0 
870 0 
871 0 
872 0 
873 0 
874 0 
875 0 
876 0 
877 0 
878 0 
879 0 
880 0 
881 0 
882 0 
883 0 
884 0 
885 0 
886 1 485 775 83 72 0 
887 0 
888 0 
889 0 
890 0 
891 0 
892 0 
893 0 
894 0 
895 0 
896 0 
897 0 
898 0 
899 0 
900 0 
901 0 
902 0 
903 0 
904 0 
905 0 
906 0 
907 0 
908 0 
909 0 
910 0 
911 0 
912 0 
913 0 
914 0 
915 0 
916 0 
917 0 
918 0 
919 0 
920 0 
921 0 
922 0 
923 0 
924 0 
925 0 
926 0 
927 0 
928 0 
929 0 
930 0 
931 0 
932 0 
933 0 
934 0 
935 0 
936 0 
937 0 
938 0 
939 0 
940 0 
941 0 
942 0 
943 0 
944 0 
945 0 
946 0 
947 0 
948 0 
949 0 
950 0 
951 0 
952 0 
953 0 
954 0 
955 0 
956 0 
957 0 
958 0 
959 0 
960 0 
961 0 
962 0 
963 0 
964 0 
965 0 
966 0 
967 0 
968 0 
969 0 
970 0 
971 0 
972 0 
973 0 
974 0 
975 0 
976 0 
977 0 
978 0 
979 0 
980 0 
981 0 
982 0 
983 0 
984 0 
985 0 
986 0 
987 0 
988 0 
989 0 
990 0 
991 0 
992 0 
993 0 
994 0 
995 0 
996 0 
997 0 
998 0 
999 0 
1000 0 
1001 0 
1002 0 
1003 0 
1004 0 
1005 0 
1006 0 
1007 0 
1008 0 
1009 0 
1010 0 
1011 0 
1012 0 
1013 0 
1014 0 
1015 0 
1016 0 
1017 0 
1018 0 
1019 0 
1020 0 
1021 0 
1022 0 
1023 0 
1024 0 
1025 0 
1026 0 
1027 0 
1028 0 
1029 0 
1030 0 
1031 0 
1032 0 
1033 0 
1034 0 
1035 0 
1036 0 
1037 0 
1038 0 
1039 0 
1040 0 
1041 0 
1042 0 
1043 0 
1044 0 
1045 0 
1046 0 
1047 0 
1048 0 
1049 0 
1050 0 
1051 0 
1052 0 
1053 0 
1054 0 
1055 0 
1056 0 
1057 1 373 779 98 85 0 
1058 1 347 783 113 98 0 
1059 1 312 780 119 103 0 
1060 0 
1061 0 
1062 0 
1063 0 
1064 0 
1065 0 
1066 0 
1067 0 
1068 0 
1069 0 
1070 0 
1071 0 
1072 0 
1073 0 
1074 0 
1075 0 
1076 0 
1077 0 
1078 0 
1079 0 
1080 0 
1081 0 
1082 0 
1083 0 
1084 0 
1085 0 
1086 0 
1087 0 
1088 0 
1089 0 
1090 0 
1091 0 
1092 0 
1093 0 
1094 0 
1095 0 
1096 0 
1097 0 
1098 0 
1099 0 
1100 0 
1101 0 
1102 0 
1103 0 
1104 0 
1105 0 
1106 0 
1107 0 
1108 0 
1109 0 
1110 0 
1111 0 
1112 0 
1113 0 
1114 0 
1115 0 
1116 0 
1117 0 
1118 0 
1119 0 
1120 0 
1121 0 
1122 0 
1123 0 
1124 0 
1125 0 
1126 0 
1127 0 
1128 0 
1129 0 
1130 0 
1131 0 
1132 0 
1133 0 
1134 0 
1135 0 
1136 0 
1137 0 
1138 0 
1139 0 
1140 0 
1141 0 
1142 0 
1143 0 
1144 0 
1145 0 
1146 0 
1147 0 
1148 0 
1149 0 
1150 0 
1151 0 
1152 0 
1153 0 
1154 0 
1155 0 
1156 0 
1157 0 
1158 0 
1159 0 
1160 0 
1161 0 
1162 0 
1163 0 
1164 0 
1165 0 
1166 0 
1167 0 
1168 0 
1169 0 
1170 0 
1171 1 509 795 73 66 0 
1172 0 
1173 0 
1174 1 394 773 131 114 0 
1175 1 356 780 142 113 0 
1176 1 322 788 135 107 0 
1177 1 286 796 149 118 0 
1178 0 
1179 0 
1180 0 
1181 0 
1182 0 
1183 0 
1184 0 
1185 0 
1186 0 
1187 0 
1188 0 
1189 0 
1190 0 
1191 0 
1192 0 
1193 0 
1194 0 
1195 0 
1196 0 
1197 0 
1198 0 
1199 0 
1200 0 
1201 0 
1202 0 
1203 0 
1204 0 
1205 0 
1206 0 
1207 0 
1208 0 
1209 0 
1210 0 
1211 0 
1212 0 
1213 0 
1214 0 
1215 0 
1216 0 
1217 0 
1218 0 
1219 0 
1220 0 
1221 0 
1222 0 
1223 0 
1224 0 
1225 0 
1226 0 
1227 0 
1228 0 
1229 0 
1230 0 
1231 0 
1232 0 
1233 0 
1234 0 
1235 0 
1236 0 
1237 0 
1238 0 
1239 0 
1240 0 
1241 0 
1242 0 
1243 0 
1244 0 
1245 0 
1246 0 
1247 0 
1248 0 
1249 0 
1250 0 
1251 0 
1252 0 
1253 0 
1254 0 
1255 0 
1256 0 
1257 0 
1258 0 
1259 0 
1260 0 
1261 0 
1262 0 
1263 0 
1264 0 
1265 0 
1266 0 
1267 0 
1268 0 
1269 0 
1270 0 
1271 0 
1272 0 
1273 0 
1274 0 
1275 0 
1276 0 
1277 0 
1278 0 
1279 0 
1280 0 
1281 0 
1282 0 
1283 0 
1284 0 
1285 0 
1286 0 
1287 0 
1288 0 
1289 0 
1290 0 
1291 0 
1292 0 
1293 0 
1294 0 
1295 0 
1296 0 
1297 0 
1298 0 
1299 0 
1300 0 
1301 0 
1302 0 
1303 0 
1304 0 
1305 0 
1306 0 
1307 0 
1308 0 
1309 0 
1310 0 
1311 0 
1312 0 
1313 0 
1314 0 
1315 0 
1316 0 
1317 0 
1318 0 
1319 0 
1320 0 
1321 0 
1322 0 
1323 0 
1324 0 
1325 0 
1326 0 
1327 0 
1328 0 
1329 0 
1330 0 
1331 0 
1332 0 
1333 0 
1334 0 
1335 0 
1336 0 
1337 0 
1338 0 
1339 0 
1340 0 
1341 0 
1342 0 
1343 0 
1344 0 
1345 0 
1346 0 
1347 0 
1348 0 
1349 0 
1350 0 
1351 0 
1352 0 
1353 0 
1354 0 
1355 0 
1356 0 
1357 0 
1358 0 
1359 0 
1360 0 
1361 0 
1362 0 
1363 0 
1364 0 
1365 0 
1366 0 
1367 1 376 757 122 103 0 
1368 1 446 759 100 84 0 
1369 1 506 761 100 84 0 
1370 1 543 759 95 80 0 
1371 1 622 757 91 76 0 
1372 1 615 759 95 80 0 
1373 1 603 757 95 80 0 
1374 1 621 749 95 80 0 
1375 1 613 749 100 84 0 
1376 1 600 747 105 88 0 
1377 1 589 746 110 93 0 
1378 1 575 747 121 102 0 
1379 1 558 743 128 108 0 
1380 1 541 744 134 113 0 
1381 1 524 746 141 119 0 
1382 1 507 747 141 119 0 
1383 1 488 753 155 131 0 
1384 1 460 752 171 144 0 
1385 1 432 747 171 144 0 
1386 1 409 755 171 144 0 
1387 1 383 763 171 144 0 
1388 1 352 774 180 152 0 
1389 1 314 781 171 144 0 
1390 1 276 798 180 152 0 
1391 0 
1392 0 
1393 0 
1394 0 
1395 0 
1396 0 
1397 0 
1398 0 
1399 0 
1400 0 
1401 0 
1402 0 
1403 0 
1404 0 
1405 0 
1406 0 
1407 0 
1408 0 
1409 0 
1410 0 
1411 0 
1412 0 
1413 0 
1414 0 
1415 0 
1416 0 
1417 0 
1418 0 
1419 0 
1420 0 
1421 0 
1422 0 
1423 0 
1424 0 
1425 0 
1426 0 
1427 0 
1428 0 
1429 0 
1430 0 
1431 0 
1432 0 
1433 0 
1434 1 451 782 84 79 0 
1435 1 425 788 84 79 0 
1436 1 395 792 97 91 0 
1437 1 347 795 92 87 0 
1438 1 309 801 88 82 0 
1439 0 
1440 0 
1441 0 
1442 0 
1443 0 
1444 0 
1445 0 
1446 0 
1447 0 
1448 0 
1449 0 
1450 0 
1451 0 
1452 0 
1453 0 
1454 0 
1455 0 
1456 0 
1457 0 
1458 0 
1459 0 
1460 0 
1461 0 
1462 0 
1463 0 
1464 0 
1465 0 
1466 0 
1467 0 
1468 0 
1469 0 
1470 0 
1471 0 
1472 0 
1473 0 
1474 0 
1475 0 
1476 0 
1477 0 
1478 0 
1479 0 
1480 0 
1481 0 
1482 0 
1483 0 
1484 0 
1485 0 
1486 0 
1487 0 
1488 0 
1489 0 
1490 0 
1491 0 
1492 0 
1493 0 
1494 1 495 788 104 78 0 
1495 1 477 790 99 74 0 
1496 1 459 805 99 74 0 
1497 1 436 814 99 74 0 
1498 1 407 825 94 70 0 
1499 1 378 843 89 67 0 
1500 0 
1501 0 
1502 0 
1503 0 
1504 0 
1505 0 
1506 0 
1507 0 
1508 0 
1509 0 
1510 0 
1511 0 
1512 0 
1513 0 
1514 0 
1515 0 
1516 0 
1517 0 
1518 0 
1519 0 
1520 0 
1521 0 
1522 0 
1523 0 
1524 0 
1525 0 
1526 0 
1527 0 
1528 0 
1529 0 
1530 0 
1531 0 
1532 0 
1533 0 
1534 0 
1535 0 
1536 0 
1537 0 
1538 0 
1539 0 
1540 0 
1541 0 
1542 0 
1543 0 
1544 1 436 776 89 80 0 
1545 1 414 778 93 84 0 
1546 1 389 780 93 84 0 
1547 1 361 782 93 84 0 
1548 1 331 786 93 84 0 
1549 0 
1550 0 
1551 0 
1552 0 
1553 0 
1554 0 
1555 0 
1556 0 
1557 0 
1558 0 
1559 0 
1560 0 
1561 0 
1562 0 
1563 0 
1564 0 
1565 0 
1566 0 
1567 0 
1568 0 
1569 0 
1570 0 
1571 0 
1572 0 
1573 0 
1574 0 
1575 0 
1576 0 
1577 0 
1578 0 
1579 0 
1580 0 
1581 0 
1582 0 
1583 0 
1584 0 
1585 0 
1586 0 
1587 0 
1588 0 
1589 0 
1590 0 
1591 0 
1592 0 
1593 0 
1594 0 
1595 0 
1596 0 
1597 1 360 816 110 80 0 
1598 1 352 818 115 84 0 
1599 1 329 820 121 88 0 
1600 1 297 822 121 88 0 
1601 0 
1602 0 
1603 0 
1604 0 
1605 0 
1606 0 
1607 0 
1608 0 
1609 0 
1610 0 
1611 0 
1612 0 
1613 0 
1614 0 
1615 0 
1616 0 
1617 0 
1618 0 
1619 0 
1620 0 
1621 0 
1622 0 
1623 0 
1624 0 
1625 0 
1626 0 
1627 0 
1628 0 
1629 0 
1630 0 
1631 0 
1632 0 
1633 0 
1634 0 
1635 0 
1636 0 
1637 0 
1638 0 
1639 0 
1640 0 
1641 0 
1642 0 
1643 0 
1644 0 
1645 0 
1646 0 
1647 0 
1648 0 
1649 1 875 712 79 65 0 
1650 1 365 797 108 96 0 
1651 2 345 803 113 100 0 870 714 91 65 0 
1652 1 311 807 108 96 0 
1653 0 
1654 0 
1655 1 881 720 79 61 0 
1656 0 
1657 1 881 719 81 61 0 
1658 0 
1659 0 
1660 1 882 720 81 59 0 
1661 0 
1662 0 
1663 0 
1664 1 885 718 78 61 0 
1665 0 
1666 1 887 720 77 62 0 
1667 1 884 718 79 66 0 
1668 0 
1669 1 884 721 86 65 0 
1670 1 885 717 89 68 0 
1671 0 
1672 0 
1673 1 889 721 85 63 0 
1674 0 
1675 0 
1676 1 892 717 79 64 0 
1677 1 892 717 87 64 0 
1678 0 
1679 1 899 716 68 66 0 
1680 1 896 712 76 70 0 
1681 1 897 712 73 70 0 
1682 1 899 717 79 63 0 
1683 0 
1684 1 901 712 69 67 0 
1685 1 900 713 69 67 0 
1686 1 893 708 81 72 0 
1687 0 
1688 1 894 708 81 72 0 
1689 0 
1690 1 892 707 85 73 0 
1691 1 902 713 69 68 0 
1692 0 
1693 1 893 709 87 74 0 
1694 1 904 719 67 66 0 
1695 1 901 718 71 67 0 
1696 1 894 712 85 74 0 
1697 1 893 712 89 74 0 
1698 1 899 718 75 68 4 
1699 1 906 719 67 67 0 
1700 1 903 718 71 67 0 
1701 1 903 719 71 66 0 
1702 0 
1703 0 
1704 1 902 715 73 70 0 
1705 1 896 710 87 76 0 
1706 1 903 715 73 70 4 
1707 1 902 716 75 70 0 
1708 1 897 708 85 78 0 
1709 1 896 710 89 77 4 
1710 1 904 716 73 71 4 
1711 1 897 709 87 78 0 
1712 1 897 709 87 78 4 
1713 1 897 709 87 78 4 
1714 1 904 715 75 74 0 
1715 1 896 708 91 81 0 
1716 1 895 709 95 81 4 
1717 1 895 709 95 81 4 
1718 1 895 709 95 81 4 
1719 1 888 712 109 79 4 
1720 1 895 709 95 81 4 
1721 1 898 709 89 82 4 
1722 1 898 708 89 82 4 
1723 1 898 706 89 82 4 
1724 1 894 707 99 82 4 
1725 1 904 710 79 78 4 
1726 1 905 710 77 77 0 
1727 1 905 711 77 77 0 
1728 1 893 704 99 85 0 
1729 1 894 703 97 87 4 
1730 1 896 703 91 87 4 
1731 1 896 703 91 87 4 
1732 1 896 705 91 87 4 
1733 1 901 712 83 81 4 
1734 1 902 714 81 80 4 
1735 1 903 714 81 80 4 
1736 1 904 715 79 79 4 
1737 1 893 704 103 89 0 
1738 1 901 712 85 81 4 
1739 1 901 712 85 81 4 
1740 1 899 712 87 80 4 
1741 1 899 712 87 80 0 
1742 1 878 699 129 93 0 
1743 1 878 699 129 93 0 
1744 1 890 698 107 93 0 
1745 1 891 700 107 92 0 
1746 1 889 700 113 92 4 
1747 1 889 699 111 93 4 
1748 1 888 701 115 92 4 
1749 1 894 698 105 94 4 
1750 1 888 700 115 93 4 
1751 1 888 697 117 95 4 
1752 1 888 695 117 95 4 
1753 1 902 708 87 84 4 
1754 1 889 694 115 97 4 
1755 1 888 692 117 98 4 
1756 1 889 692 115 98 4 
1757 1 889 692 117 98 4 
1758 2 889 692 117 98 4 380 763 98 93 0 
1759 2 360 767 98 93 0 890 692 114 99 4 
1760 2 338 771 93 88 0 890 693 113 99 4 
1761 2 316 778 84 80 0 891 696 112 98 4 
1762 2 892 696 112 99 4 373 770 123 105 0 
1763 2 353 776 135 115 0 891 695 113 101 4 
1764 2 325 775 129 110 0 892 701 112 98 4 
1765 2 300 779 117 100 0 889 701 119 99 4 
1766 1 890 702 120 98 4 
1767 1 891 699 117 101 4 
1768 1 892 699 115 100 4 
1769 1 892 696 117 102 4 
1770 1 894 692 115 104 4 
1771 1 893 692 115 103 4 
1772 1 894 691 119 104 4 
1773 1 896 689 113 104 4 
1774 1 894 688 117 105 4 
1775 1 898 688 109 105 4 
1776 1 896 686 117 106 4 
1777 1 896 687 117 106 4 
1778 1 898 699 121 96 4 
1779 1 907 699 99 96 0 
1780 1 910 711 93 85 0 
1781 1 905 694 105 104 0 
1782 1 907 699 103 99 4 
1783 1 906 699 105 100 4 
1784 1 906 697 108 102 4 
1785 1 913 707 96 93 4 
1786 1 908 699 107 102 4 
1787 1 911 699 105 102 4 
1788 1 912 695 109 107 4 
1789 1 916 702 101 101 4 
1790 1 914 701 105 102 4 
1791 1 915 700 105 104 4 
1792 1 915 699 107 105 4 
1793 1 914 700 109 104 4 
1794 2 919 702 103 102 4 442 781 87 70 0 
1795 1 916 699 109 105 4 
1796 1 916 700 111 105 0 
1797 1 919 698 110 108 0 
1798 1 918 697 113 109 4 
1799 1 920 700 111 107 4 
1800 1 924 700 108 107 4 
1801 1 923 700 111 108 4 
1802 1 923 701 113 108 4 
1803 1 917 690 127 121 4 
1804 1 922 701 119 111 4 
1805 1 921 703 121 110 4 
1806 1 925 700 121 115 4 
1807 1 926 701 121 114 4 
1808 1 935 706 111 110 4 
1809 1 936 704 113 112 4 
1810 1 930 697 125 119 4 
1811 1 937 703 117 113 4 
1812 1 938 699 121 117 4 
1813 1 936 698 125 119 4 
1814 1 940 703 121 115 4 
1815 1 937 695 131 124 4 
1816 1 943 697 127 123 4 
1817 1 950 702 119 118 4 
1818 1 948 698 126 124 4 
1819 1 947 699 129 123 4 
1820 1 948 700 129 123 4 
1821 1 945 698 137 125 4 
1822 1 945 696 141 127 4 
1823 1 948 694 141 129 4 
1824 1 950 693 143 131 4 
1825 1 953 692 143 132 4 
1826 1 955 693 143 132 4 
1827 1 960 692 141 134 4 
1828 1 964 693 141 134 4 
1829 1 962 692 147 136 4 
1830 1 971 694 139 135 4 
1831 1 973 692 143 139 4 
1832 1 974 691 147 140 4 
1833 1 977 694 145 139 4 
1834 1 974 691 155 143 4 
1835 1 978 689 155 145 4 
1836 1 987 690 153 145 4 
1837 1 986 690 154 146 4 
1838 1 986 687 159 149 4 
1839 1 994 693 151 145 4 
1840 1 993 683 159 156 4 
1841 1 993 686 165 153 4 
1842 1 995 683 169 158 4 
1843 1 996 679 175 162 4 
1844 1 1005 680 169 162 4 
1845 1 1008 673 175 169 4 
1846 1 995 656 207 187 4 
1847 1 1000 652 203 191 4 
1848 1 1003 651 211 193 4 
1849 1 1006 645 215 200 4 
1850 1 1008 647 219 199 4 
1851 1 1014 644 219 203 4 
1852 1 1016 643 225 204 4 
1853 1 1017 638 235 211 4 
1854 1 1020 637 239 214 4 
1855 1 1024 634 237 218 4 
1856 1 1030 634 237 218 4 
1857 1 1030 622 251 234 4 
1858 1 1033 623 259 236 4 
1859 2 892 709 89 71 0 1036 622 265 239 4 
1860 1 1039 620 268 244 4 
1861 1 1072 668 217 198 4 
1862 1 1049 618 273 249 4 
1863 1 1082 667 223 202 4 
1864 2 905 712 81 72 0 1074 653 253 218 4 
1865 1 1093 674 224 199 0 
1866 1 1095 667 233 209 0 
1867 1 1105 673 227 206 0 
1868 1 1122 685 209 197 0 
1869 1 1130 687 209 197 0 
1870 1 1043 622 351 260 0 
1871 1 1051 622 351 260 4 
1872 1 1059 622 368 273 4 
1873 2 921 706 89 85 0 1089 706 261 178 0 
1874 2 923 704 89 85 4 1099 704 274 186 0 
1875 2 918 701 108 88 4 1161 707 230 177 0 
1876 2 1173 705 230 177 0 925 709 104 79 4 
1877 2 1183 705 230 177 0 934 707 87 80 4 
1878 2 1195 705 230 177 0 936 707 87 80 4 
1879 2 1207 705 230 177 0 936 700 93 87 4 
1880 2 1221 707 230 177 0 932 703 111 85 4 
1881 2 1235 709 241 185 0 937 697 101 94 4 
1882 2 947 707 91 85 4 1139 791 137 92 0 
1883 2 949 709 91 85 4 1147 795 137 92 0 
1884 2 955 711 90 87 4 1174 750 161 125 0 
1885 2 1182 754 161 125 0 939 713 125 89 4 
1886 2 1192 756 161 125 0 930 702 141 102 4 
1887 2 1200 758 195 151 0 932 704 141 102 4 
1888 2 1199 749 186 144 0 948 715 123 93 4 
1889 2 1214 752 186 144 0 947 714 131 94 4 
1890 2 1223 754 186 144 0 951 713 129 96 4 
1891 2 1232 754 186 144 0 953 713 129 96 4 
1892 3 1243 751 177 137 0 953 710 136 98 4 364 786 126 107 0 
1893 3 1256 755 161 125 0 352 788 126 107 0 973 721 103 87 4 
1894 3 1274 759 161 125 0 338 788 126 107 0 967 705 113 103 4 
1895 2 324 790 126 107 0 941 688 171 120 4 
1896 2 308 792 120 101 0 943 688 171 120 4 
1897 1 946 686 174 125 4 
1898 1 974 702 123 109 4 
1899 1 974 704 127 110 4 
1900 1 973 686 137 130 4 
1901 1 973 683 145 134 4 
1902 1 977 684 141 135 4 
1903 1 977 684 149 137 4 
1904 1 978 681 155 141 4 
1905 1 981 682 155 143 4 
1906 1 984 681 157 146 4 
1907 1 986 681 157 146 4 
1908 1 988 678 161 152 4 
1909 1 989 677 167 154 4 
1910 1 969 674 213 158 4 
1911 1 995 672 169 162 4 
1912 1 1010 707 151 129 4 
1913 1 1003 670 175 167 4 
1914 1 1007 670 175 167 4 
1915 1 1033 720 129 121 0 
1916 1 1037 720 129 121 0 
1917 1 1037 720 129 121 0 
1918 1 1014 688 187 156 0 
1919 1 1051 723 123 123 0 
1920 1 1017 679 201 168 0 
1921 1 1017 652 213 197 4 
1922 1 1027 651 205 199 4 
1923 1 1020 651 232 201 4 
1924 1 1032 650 215 205 4 
1925 1 1038 650 215 205 4 
1926 1 1042 652 225 215 4 
1927 1 1045 647 225 215 4 
1928 1 1049 637 239 230 4 
1929 1 1055 639 250 241 4 
1930 1 1055 634 250 241 4 
1931 1 1063 634 250 241 4 
1932 1 1071 634 263 253 4 
1933 1 1076 628 263 253 4 
1934 1 1084 628 276 266 4 
1935 1 1088 621 276 266 4 
1936 1 1138 674 272 216 4 
1937 1 1139 669 284 223 4 
1938 1 1147 671 284 223 4 
1939 1 1155 704 255 192 0 
1940 1 1167 706 255 192 0 
1941 1 1179 708 255 192 0 
1942 2 1191 712 255 192 0 1096 796 123 101 0 
1943 2 1205 714 255 192 0 1102 798 123 101 0 
1944 2 1219 716 255 192 0 1110 800 129 106 0 
1945 1 1097 787 157 114 0 
1946 1 1105 789 157 114 0 
1947 1 1113 791 164 119 0 
1948 1 1117 791 164 119 0 
1949 1 1127 793 164 119 0 
1950 1 1135 793 164 119 0 
1951 1 1145 793 164 119 0 
1952 1 1155 795 164 119 0 
1953 1 1165 795 157 114 0 
1954 1 1177 797 149 108 0 
1955 1 1190 801 142 103 0 
1956 1 1203 804 129 93 0 
1957 1 1219 809 117 85 0 
1958 1 1235 813 111 81 0 
1959 1 1249 816 101 73 0 
1960 1 1265 821 96 69 0 
1961 1 1280 825 91 66 0 
1962 0 
1963 0 
1964 0 
1965 0 
1966 0 
1967 0 
1968 0 
1969 0 
1970 0 
1971 0 
1972 0 
1973 0 
1974 0 
1975 0 
1976 0 
1977 0 
1978 0 
1979 0 
1980 0 
1981 0 
1982 0 
1983 0 
1984 0 
1985 0 
1986 0 
1987 0 
1988 0 
1989 0 
