1 0 
2 0 
3 0 
4 0 
5 0 
6 0 
7 0 
8 0 
9 0 
10 0 
11 0 
12 0 
13 0 
14 0 
15 0 
16 0 
17 0 
18 0 
19 0 
20 0 
21 0 
22 0 
23 0 
24 0 
25 0 
26 0 
27 0 
28 0 
29 0 
30 1 366 741 157 105 0 
31 1 368 741 157 105 0 
32 1 368 741 157 105 0 
33 1 370 741 157 105 0 
34 1 370 741 157 105 0 
35 1 372 741 157 105 0 
36 1 350 725 178 120 0 
37 1 355 726 175 118 0 
38 1 337 706 201 138 0 
39 1 343 714 192 130 0 
40 1 304 680 239 164 0 
41 1 336 706 203 138 0 
42 1 338 706 203 138 0 
43 1 338 706 203 138 0 
44 1 340 706 203 138 0 
45 1 342 706 203 138 0 
46 1 344 706 203 138 0 
47 1 344 706 203 138 0 
48 1 346 706 203 138 0 
49 1 392 700 184 141 0 
50 1 394 700 184 141 0 
51 1 319 680 234 160 0 
52 1 321 681 232 159 0 
53 1 328 685 225 154 0 
54 1 330 685 225 154 0 
55 1 326 679 232 159 0 
56 1 334 685 224 153 0 
57 1 335 686 223 152 0 
58 1 336 686 223 152 0 
59 1 338 687 222 151 0 
60 1 342 688 219 150 0 
61 1 345 685 220 153 0 
62 1 345 687 220 151 0 
63 1 347 685 221 152 0 
64 1 386 718 175 118 0 
65 1 388 718 175 118 0 
66 1 393 716 174 119 0 
67 1 395 716 174 119 0 
68 1 382 701 192 133 0 
69 1 377 699 197 134 0 
70 1 383 697 195 136 0 
71 1 385 697 195 136 0 
72 1 442 745 128 87 0 
73 1 372 682 213 150 0 
74 1 374 682 213 150 0 
75 1 444 741 131 90 0 
76 1 446 741 131 90 0 
77 1 448 741 131 90 0 
78 1 450 741 131 90 0 
79 1 441 734 140 95 0 
80 1 443 735 138 94 0 
81 1 387 688 204 141 0 
82 1 390 686 204 143 0 
83 1 398 691 197 138 0 
84 1 398 693 195 136 0 
85 1 402 694 193 135 0 
86 1 405 690 194 139 0 
87 1 406 695 191 134 0 
88 1 411 697 187 132 0 
89 1 414 696 186 133 0 
90 1 418 698 183 132 0 
91 1 420 699 181 130 0 
92 1 420 700 182 129 0 
93 1 421 696 184 133 0 
94 1 431 705 172 123 0 
95 1 432 703 175 125 0 
96 1 437 706 168 121 0 
97 1 427 696 184 131 0 
98 1 432 697 179 130 0 
99 1 431 698 179 128 0 
100 1 436 699 177 126 4 
101 1 436 696 179 128 4 
102 1 440 700 175 124 0 
103 1 440 697 177 127 0 
104 1 446 699 172 125 0 
105 1 443 707 169 116 0 
106 1 447 701 171 122 0 
107 1 447 700 173 122 0 
108 1 447 699 175 123 0 
109 1 453 700 171 122 0 
110 1 509 747 105 76 0 
111 1 457 704 167 118 0 
112 1 460 705 164 117 0 
113 1 512 746 104 77 0 
114 1 467 707 157 116 0 
115 1 467 704 159 118 0 
116 1 469 704 159 118 0 
117 1 471 706 157 116 0 
118 1 474 709 154 113 0 
119 1 474 707 155 114 0 
120 1 475 705 156 115 0 
121 1 478 711 151 109 0 
122 1 480 711 151 109 0 
123 1 480 711 151 109 0 
124 1 482 711 151 109 0 
125 1 482 713 151 109 0 
126 1 489 703 151 117 0 
127 1 487 704 152 115 0 
128 1 487 703 155 116 0 
129 1 486 703 155 116 0 
130 1 486 701 156 117 0 
131 1 492 710 146 107 0 
132 1 490 704 151 112 0 
133 1 481 699 162 117 0 
134 1 494 706 150 109 0 
135 1 495 708 148 107 0 
136 1 492 703 153 112 0 
137 1 533 738 104 77 0 
138 1 495 709 147 106 0 
139 1 495 709 147 106 0 
140 1 501 709 142 107 0 
141 1 514 717 129 99 0 
142 1 514 717 129 99 0 
143 1 513 718 129 99 0 
144 1 510 721 129 96 0 
145 1 510 721 129 96 0 
146 1 510 721 129 96 0 
147 1 510 720 130 97 0 
148 1 510 720 130 97 0 
149 1 529 706 153 110 0 
150 1 529 705 157 110 0 
151 1 531 706 155 108 0 
152 1 515 715 132 99 0 
153 1 516 714 132 99 0 
154 1 514 721 129 92 0 
155 1 517 714 132 99 0 
156 1 515 712 135 101 0 
157 1 535 708 155 104 0 
158 1 517 713 133 99 0 
159 1 518 715 131 98 0 
160 1 518 715 131 98 0 
161 1 520 713 131 100 0 
162 1 521 717 128 96 0 
163 1 524 717 126 97 0 
164 1 514 707 138 107 0 
165 1 541 718 141 96 0 
166 1 524 717 126 97 0 
167 1 527 723 121 91 0 
168 1 527 723 121 91 0 
169 1 530 721 121 92 0 
170 1 527 722 121 90 0 
171 1 529 716 124 95 0 
172 1 527 722 122 89 0 
173 1 529 721 121 90 0 
174 1 531 718 123 93 0 
175 1 531 717 123 94 0 
176 1 530 716 124 95 0 
177 1 545 701 139 111 0 
178 1 533 722 118 90 0 
179 1 548 722 133 90 0 
180 1 547 721 135 91 0 
181 1 532 724 117 88 0 
182 1 541 711 149 100 0 
183 1 532 720 121 91 0 
184 1 533 719 121 91 0 
185 1 534 720 120 90 0 
186 1 534 720 120 90 0 
187 1 534 720 120 90 0 
188 1 534 719 119 90 0 
189 1 535 717 122 93 0 
190 1 551 718 135 92 0 
191 1 536 723 117 87 0 
192 1 536 720 118 89 0 
193 1 553 719 133 90 0 
194 1 532 722 120 87 0 
195 1 536 724 115 84 0 
196 1 538 722 116 87 0 
197 1 554 706 133 102 0 
198 1 539 719 118 89 0 
199 1 541 720 116 88 0 
200 1 541 720 116 88 0 
201 1 538 724 115 84 0 
202 1 539 726 113 82 0 
203 1 537 723 116 85 0 
204 1 541 727 110 81 0 
205 1 532 719 121 90 0 
206 1 541 727 111 82 0 
207 1 539 724 114 85 0 
208 1 539 724 114 85 0 
209 1 539 726 114 85 0 
210 1 549 703 141 107 0 
211 1 541 726 112 84 0 
212 1 523 710 134 99 0 
213 1 546 728 108 80 0 
214 1 546 726 108 80 0 
215 1 546 726 108 80 0 
216 1 546 724 108 80 0 
217 1 556 736 99 70 0 
218 1 556 736 99 70 0 
219 1 521 706 139 100 0 
220 1 521 706 139 100 0 
221 1 521 708 139 100 0 
222 1 562 724 123 84 0 
223 1 524 708 135 100 0 
224 1 524 708 135 100 0 
225 1 528 714 129 94 0 
226 1 528 714 129 94 0 
227 1 528 714 129 94 0 
228 1 530 712 129 94 4 
229 1 527 702 139 104 4 
230 1 554 726 107 80 0 
231 1 551 724 110 81 0 
232 1 549 726 111 78 0 
233 1 554 725 109 79 0 
234 1 552 727 110 77 0 
235 1 553 722 113 82 0 
236 1 553 726 110 77 0 
237 1 556 719 112 84 0 
238 1 536 703 135 100 0 
239 1 536 703 135 100 0 
240 1 538 705 135 100 0 
241 1 577 724 117 80 0 
242 1 577 722 119 81 0 
243 1 566 729 102 75 0 
244 1 568 728 101 75 0 
245 1 570 728 101 75 0 
246 1 582 723 117 80 0 
247 1 571 728 101 75 0 
248 1 572 728 101 75 0 
249 1 573 729 101 74 0 
250 1 588 723 113 79 0 
251 1 576 727 100 75 0 
252 1 576 725 102 77 0 
253 1 582 714 129 87 0 
254 1 582 714 129 87 0 
255 1 584 714 129 87 0 
256 1 574 719 109 82 0 
257 1 576 719 109 82 0 
258 1 576 719 109 82 0 
259 1 578 719 109 82 0 
260 1 578 719 109 82 0 
261 1 605 726 99 74 0 
262 1 605 727 97 74 0 
263 1 606 725 97 76 0 
264 1 608 727 97 74 0 
265 1 607 727 99 74 0 
266 1 610 726 95 75 0 
267 1 613 732 92 69 0 
268 1 613 731 94 70 0 
269 1 611 725 103 76 0 
270 1 616 729 91 72 0 
271 1 613 724 101 77 0 
272 1 610 722 107 79 0 
273 1 611 723 107 78 0 
274 1 620 730 93 71 0 
275 1 622 732 93 71 0 
276 1 622 732 93 71 0 
277 1 624 732 93 71 0 
278 1 626 732 93 71 0 
279 1 629 734 87 68 0 
280 1 617 722 109 80 0 
281 1 619 722 109 80 0 
282 1 619 722 109 80 0 
283 1 621 724 109 80 0 
284 1 623 724 109 80 0 
285 1 636 730 83 73 0 
286 0 
287 1 641 731 83 72 0 
288 0 
289 1 643 734 85 70 0 
290 0 
291 1 646 729 85 72 0 
292 0 
293 1 649 727 85 72 0 
294 0 
295 1 641 716 107 81 0 
296 1 643 716 107 81 0 
297 1 643 716 107 81 0 
298 1 645 716 107 81 0 
299 1 647 716 107 81 0 
300 1 649 718 101 77 0 
301 1 653 720 101 77 0 
302 1 654 720 97 73 0 
303 1 657 722 97 73 0 
304 1 658 722 92 69 0 
305 0 
306 0 
307 1 673 729 79 66 0 
308 0 
309 0 
310 0 
311 1 665 716 105 78 0 
312 1 665 716 105 78 0 
313 1 667 718 105 78 0 
314 1 669 718 105 78 0 
315 1 686 728 73 66 0 
316 0 
317 1 687 729 79 66 0 
318 1 689 722 75 73 0 
319 1 691 722 75 73 0 
320 0 
321 1 690 728 79 67 0 
322 1 693 730 77 66 0 
323 0 
324 0 
325 0 
326 0 
327 0 
328 0 
329 0 
330 0 
331 1 696 716 99 80 0 
332 1 704 722 85 73 0 
333 0 
334 0 
335 1 703 720 91 73 0 
336 1 704 721 93 73 0 
337 1 704 718 97 76 0 
338 1 706 721 93 73 0 
339 1 706 721 93 73 0 
340 1 708 721 93 73 0 
341 1 708 721 93 73 0 
342 1 708 721 97 76 0 
343 1 708 719 97 76 0 
344 1 723 727 71 67 0 
345 0 
346 0 
347 1 721 722 77 71 0 
348 1 721 725 79 68 0 
349 1 725 727 77 67 0 
350 0 
351 1 721 722 87 72 0 
352 0 
353 1 725 729 81 65 0 
354 0 
355 1 726 728 81 66 0 
356 1 727 729 82 65 0 
357 1 728 730 82 65 0 
358 0 
359 0 
360 0 
361 1 730 730 77 65 0 
362 0 
363 0 
364 1 730 729 81 66 0 
365 0 
366 0 
367 1 893 706 103 69 0 
368 1 894 706 103 69 0 
369 1 896 706 103 69 0 
370 1 896 706 103 69 0 
371 1 896 706 103 69 0 
372 1 898 706 103 69 0 
373 1 898 706 108 72 0 
374 1 897 704 108 72 0 
375 1 899 701 119 79 0 
376 1 896 698 119 79 0 
377 1 898 698 119 79 0 
378 1 900 698 119 79 0 
379 1 902 695 125 83 0 
380 1 901 693 125 83 0 
381 1 903 693 125 83 0 
382 1 903 693 125 83 0 
383 1 905 693 125 83 0 
384 1 907 693 131 88 0 
385 1 906 690 131 88 0 
386 2 908 690 131 88 0 894 761 87 58 0 
387 2 910 690 131 88 0 893 762 87 58 0 
388 1 912 690 131 88 0 
389 1 914 690 131 88 0 
390 1 916 690 131 88 0 
391 1 918 690 131 88 0 
392 1 920 690 138 92 0 
393 1 918 685 131 88 0 
394 1 924 687 138 92 0 
395 1 922 685 138 92 0 
396 1 927 682 138 92 0 
397 1 929 682 144 97 0 
398 0 
399 0 
400 0 
401 0 
402 0 
403 0 
404 0 
405 0 
406 0 
407 0 
408 0 
409 0 
410 0 
411 0 
412 0 
413 0 
414 0 
415 0 
416 0 
417 0 
418 0 
419 0 
420 1 900 760 87 59 0 
421 1 897 759 91 61 0 
422 0 
423 0 
424 1 899 762 87 59 0 
425 0 
426 1 900 762 87 60 0 
427 1 901 763 87 59 0 
428 1 901 763 87 59 0 
429 1 900 762 89 60 0 
430 1 902 763 87 59 0 
431 1 903 764 87 58 0 
432 0 
433 1 904 762 87 59 0 
434 0 
435 0 
436 1 906 762 87 58 0 
437 0 
438 1 906 759 89 60 0 
439 0 
440 0 
441 0 
442 1 908 761 89 59 0 
443 1 909 760 89 60 0 
444 1 908 762 89 59 0 
445 1 909 761 89 60 0 
446 1 909 762 89 59 0 
447 1 909 761 91 60 0 
448 1 911 759 91 61 0 
449 0 
450 1 913 760 91 60 0 
451 0 
452 1 329 728 190 141 0 
453 2 914 759 91 60 0 339 728 184 139 0 
454 2 914 757 91 61 0 351 732 174 133 0 
455 2 357 732 174 133 0 915 759 91 60 0 
456 2 365 732 165 126 0 915 759 91 60 0 
457 2 375 733 157 120 0 915 759 91 60 0 
458 2 384 736 157 120 0 915 760 91 60 0 
459 2 413 746 152 112 0 915 759 91 61 0 
460 2 417 746 152 112 0 916 761 91 60 0 
461 2 423 746 144 106 0 916 760 91 61 0 
462 2 430 749 144 106 0 916 762 91 60 0 
463 2 435 749 137 101 0 917 762 91 60 0 
464 1 442 752 137 101 0 
465 1 447 752 131 96 0 
466 2 453 752 131 96 0 918 760 93 62 0 
467 1 458 752 125 92 0 
468 1 464 752 125 92 0 
469 2 467 752 125 92 0 922 759 91 62 0 
470 1 471 750 119 87 0 
471 1 318 675 243 167 0 
472 2 324 677 239 164 0 926 760 85 62 0 
473 2 926 712 93 63 0 332 682 231 158 0 
474 2 336 682 231 158 0 922 760 93 62 0 
475 2 342 679 230 159 0 924 762 91 61 0 
476 2 349 681 225 156 0 930 763 79 60 0 
477 2 357 689 216 147 0 921 762 95 62 0 
478 2 357 686 219 149 0 925 763 91 61 0 
479 2 361 686 219 149 0 923 762 95 63 0 
480 2 373 695 205 139 0 925 764 91 61 0 
481 2 373 694 207 140 0 922 764 96 63 0 
482 2 379 697 202 137 0 924 766 93 62 0 
483 2 384 699 200 135 0 923 765 95 63 0 
484 2 388 699 198 134 0 925 766 95 63 0 
485 2 392 699 198 134 0 926 767 93 62 0 
486 2 394 701 198 134 0 931 765 83 64 0 
487 2 398 701 188 127 0 926 767 93 62 0 
488 2 406 705 188 127 0 925 766 95 63 0 
489 2 409 705 188 127 0 926 766 95 63 0 
490 2 412 705 188 127 4 926 765 96 64 0 
491 2 415 705 179 121 0 926 764 97 65 0 
492 2 423 708 179 121 0 927 764 97 65 0 
493 2 426 708 179 121 0 925 763 97 65 0 
494 2 441 685 184 141 0 925 763 97 65 0 
495 2 436 706 173 119 0 927 762 97 65 0 
496 2 438 698 178 127 0 927 762 97 65 0 
497 2 440 698 178 127 0 928 763 96 64 0 
498 1 447 700 173 123 0 
499 2 448 703 170 119 0 928 759 97 66 0 
500 2 449 704 170 118 0 929 761 95 65 0 
501 2 455 708 165 114 0 930 762 96 64 0 
502 2 457 707 165 115 0 929 761 95 65 0 
503 2 465 709 159 112 0 929 762 97 65 0 
504 2 466 709 160 113 0 930 762 93 65 0 
505 2 470 714 154 107 0 928 762 99 66 0 
506 2 471 715 154 105 0 928 762 99 66 0 
507 2 475 723 146 97 0 928 762 99 66 0 
508 2 478 725 144 95 0 928 761 101 67 0 
509 2 482 725 142 94 0 928 760 101 68 0 
510 2 485 725 140 93 0 929 762 99 66 0 
511 2 487 724 140 93 0 928 759 101 68 0 
512 2 489 724 140 93 0 927 759 103 68 0 
513 2 491 716 146 99 0 935 758 87 68 0 
514 2 501 695 154 119 0 934 756 91 69 0 
515 2 497 714 144 99 0 934 756 93 69 0 
516 2 508 698 150 114 0 929 756 103 68 0 
517 2 503 713 142 98 0 929 756 103 68 0 
518 2 508 716 137 94 0 929 753 105 70 0 
519 2 513 716 135 94 0 929 755 105 69 0 
520 2 514 712 138 98 0 929 755 103 69 0 
521 2 517 726 128 84 0 929 756 103 69 0 
522 2 517 727 126 83 0 929 757 103 69 0 
523 2 520 730 124 81 0 930 756 105 71 0 
524 2 522 714 135 98 0 930 759 103 70 0 
525 2 524 714 135 98 0 932 760 97 70 0 
526 2 526 716 135 98 0 929 763 103 68 0 
527 2 528 716 135 98 0 930 759 105 72 0 
528 2 528 716 135 98 0 930 762 105 70 0 
529 2 530 718 128 93 0 935 762 93 71 0 
530 2 534 721 128 93 0 933 762 97 71 0 
531 2 535 721 135 98 0 929 763 107 71 0 
532 2 542 745 103 68 0 934 768 101 67 0 
533 2 544 745 103 68 0 937 763 93 72 0 
534 2 544 745 103 68 0 930 765 105 70 0 
535 2 546 745 103 68 0 935 765 99 70 0 
536 2 548 745 103 68 0 935 764 101 71 0 
537 2 550 745 103 68 0 932 764 105 71 0 
538 2 547 739 107 72 0 935 764 103 71 0 
539 2 553 740 102 71 0 935 767 101 68 0 
540 2 555 740 102 71 0 936 762 103 72 0 
541 2 555 740 102 71 0 937 761 106 73 0 
542 2 557 740 102 71 0 935 761 109 73 0 
543 2 557 740 102 71 0 935 761 109 73 0 
544 2 559 740 102 71 0 935 760 111 74 0 
545 2 561 740 102 71 0 934 759 111 75 0 
546 2 561 740 102 71 0 937 760 105 74 0 
547 2 563 740 102 71 0 933 758 117 77 0 
548 2 568 740 96 68 0 933 757 119 78 0 
549 2 568 740 96 68 0 936 758 113 77 0 
550 2 936 758 113 77 0 566 738 99 70 0 
551 2 566 738 99 70 0 936 757 115 78 0 
552 2 570 738 97 68 0 937 756 115 78 0 
553 2 573 739 95 68 0 935 754 119 80 0 
554 2 573 738 95 68 0 938 754 117 80 0 
555 2 573 738 96 68 0 939 755 117 79 0 
556 2 573 738 96 68 0 939 755 117 79 0 
557 2 574 739 95 66 0 939 755 119 79 0 
558 1 947 753 105 81 0 
559 1 941 753 119 81 0 
560 1 951 753 103 81 0 
561 1 950 754 103 81 0 
562 2 580 737 93 67 0 943 754 122 82 0 
563 2 576 732 99 72 0 942 755 123 81 0 
564 2 576 732 99 72 0 952 754 106 82 0 
565 2 578 732 99 72 0 945 754 121 82 0 
566 2 578 732 99 72 0 954 753 110 83 0 
567 2 578 732 99 72 0 947 755 121 81 0 
568 2 583 737 92 65 0 947 752 123 84 0 
569 1 947 752 125 84 0 
570 1 954 756 111 80 0 
571 2 578 735 97 67 0 959 756 103 81 0 
572 2 577 732 100 71 0 950 755 123 82 0 
573 2 577 732 100 71 0 950 754 127 84 0 
574 2 579 732 100 71 0 952 754 125 84 0 
575 2 579 732 100 71 0 951 751 131 87 0 
576 2 579 732 100 71 0 966 753 103 86 0 
577 2 581 734 100 71 0 963 752 113 88 0 
578 2 581 732 100 71 0 953 754 131 86 0 
579 2 583 734 95 67 0 970 749 103 91 0 
580 1 967 756 107 85 0 
581 1 970 756 105 86 0 
582 1 969 751 111 91 0 
583 1 972 752 111 91 0 
584 1 961 753 133 91 0 
585 1 974 755 109 89 0 
586 1 968 753 128 91 0 
587 1 970 755 125 90 0 
588 1 971 755 121 91 0 
589 1 979 755 111 91 0 
590 1 980 754 111 93 0 
591 1 980 753 115 94 0 
592 1 981 754 117 94 0 
593 1 985 753 111 95 0 
594 1 986 758 109 90 0 
595 1 986 754 117 95 0 
596 1 989 752 113 96 0 
597 1 981 751 131 97 0 
598 1 990 751 117 98 0 
599 1 991 755 117 94 0 
600 1 987 750 131 99 0 
601 1 993 751 121 98 0 
602 1 993 752 123 98 0 
603 1 994 749 123 101 0 
604 1 994 746 125 103 0 
605 1 995 745 125 104 0 
606 1 998 745 121 104 0 
607 1 997 745 125 104 0 
608 1 1001 748 119 102 0 
609 1 999 748 129 104 0 
610 1 1001 748 129 104 0 
611 1 990 746 155 106 0 
612 1 1008 745 121 106 0 
613 1 1007 744 127 107 0 
614 1 1010 741 125 110 0 
615 1 1004 742 139 109 0 
616 1 1006 742 140 109 0 
617 1 1009 742 138 109 0 
618 1 1011 739 137 112 0 
619 1 1012 740 139 112 0 
620 1 1014 740 135 112 0 
621 1 1000 742 167 111 0 
622 1 1019 744 133 111 0 
623 1 1017 744 143 112 0 
624 1 1017 746 145 110 0 
625 1 1020 742 143 115 0 
626 1 1023 741 141 116 0 
627 1 1023 742 145 115 0 
628 1 1025 741 143 115 0 
629 1 1025 739 147 117 0 
630 1 1028 739 145 117 0 
631 1 1029 738 145 118 0 
632 1 1029 737 150 119 0 
633 1 1031 737 153 120 0 
634 1 1032 735 153 121 0 
635 1 1034 738 155 118 0 
636 1 1040 736 149 121 0 
637 1 1042 741 147 116 0 
638 1 1044 735 147 122 0 
639 1 1048 739 141 118 0 
640 1 1049 733 147 125 0 
641 1 1049 735 155 124 0 
642 1 1051 735 155 124 0 
643 1 1052 731 157 128 0 
644 1 1057 733 151 128 0 
645 1 1054 734 162 128 0 
646 1 1059 734 156 128 0 
647 1 1061 734 159 129 0 
648 1 1064 734 155 130 0 
649 1 1067 735 153 130 0 
650 1 1067 735 161 131 0 
651 1 1069 738 159 129 0 
652 1 1070 740 162 128 0 
653 1 1073 742 161 126 0 
654 1 1074 744 161 124 0 
655 1 1076 745 161 123 0 
656 1 1075 747 165 121 0 
657 1 1080 746 159 122 0 
658 2 691 732 82 62 0 1086 747 151 121 0 
659 1 1085 746 155 122 0 
660 1 1087 746 155 122 0 
661 1 1080 749 169 120 0 
662 2 1082 749 169 120 0 697 732 81 62 0 
663 1 1085 753 161 117 0 
664 1 1087 757 159 113 0 
665 1 1091 762 155 109 0 
666 1 1092 762 153 109 0 
667 1 1105 763 131 108 0 
668 1 1107 763 131 108 0 
669 1 1102 767 139 104 0 
670 1 1109 770 129 102 0 
671 1 1107 772 133 100 0 
672 1 1106 770 137 103 0 
673 1 1108 770 137 103 0 
674 1 1110 770 137 103 0 
675 1 1112 770 137 103 0 
676 1 1118 721 177 153 0 
677 1 1120 721 177 153 0 
678 1 1122 721 177 153 0 
679 1 1124 721 177 153 0 
680 1 1121 724 193 152 0 
681 1 1123 724 193 152 0 
682 1 1125 724 193 152 0 
683 1 1127 724 193 152 0 
684 1 1129 724 193 152 0 
685 1 1131 724 193 152 0 
686 1 1133 724 193 152 0 
687 1 1134 726 193 153 0 
688 1 1136 726 193 153 0 
689 1 1138 726 193 153 0 
690 1 1152 721 173 159 0 
691 1 1154 721 173 159 0 
692 1 1157 734 171 147 0 
693 1 1159 734 171 147 0 
694 1 1161 734 171 147 0 
695 1 1171 744 153 138 0 
696 1 1159 723 183 160 0 
697 1 1161 723 183 160 0 
698 1 1162 721 181 163 0 
699 1 1164 721 181 163 0 
700 1 1166 721 181 163 0 
701 1 1168 721 181 163 0 
702 1 1170 721 181 163 0 
703 1 1160 728 199 157 0 
704 1 1162 731 195 155 0 
705 1 1163 731 197 155 0 
706 1 1164 731 195 155 0 
707 1 1166 734 193 153 0 
708 1 1165 736 197 151 0 
709 1 1174 737 179 151 0 
710 1 1169 739 191 150 0 
711 1 1171 739 191 150 0 
712 1 1173 739 191 150 0 
713 1 1173 739 191 150 0 
714 1 1163 746 209 145 0 
715 1 1165 746 209 145 0 
716 1 1172 747 193 144 0 
717 1 1175 751 190 141 0 
718 1 1172 752 196 141 0 
719 1 1174 754 196 141 0 
720 1 1174 754 196 141 0 
721 1 1176 754 196 141 0 
722 1 1178 756 196 141 0 
723 1 1178 756 196 141 0 
724 1 1180 756 196 141 0 
725 1 1180 756 196 141 0 
726 1 1182 756 196 141 0 
727 1 1184 754 196 141 0 
728 1 1184 754 196 141 0 
729 1 1186 754 196 141 0 
730 1 1188 754 196 141 0 
731 1 1190 756 196 141 0 
732 1 1190 758 196 141 0 
733 1 1192 758 196 141 0 
734 1 1194 760 205 148 0 
735 1 1192 756 205 148 0 
736 1 1194 756 205 148 0 
737 1 1194 756 205 148 0 
738 1 1196 753 196 141 0 
739 1 1200 757 196 141 0 
740 1 1202 757 205 148 0 
741 1 1200 753 205 148 0 
742 1 1202 753 205 148 0 
743 1 1202 753 205 148 0 
744 1 1204 753 205 148 0 
745 1 1206 753 205 148 0 
746 1 1206 753 205 148 0 
747 1 1208 753 205 148 0 
748 0 
749 0 
750 0 
751 0 
752 1 1194 831 116 75 0 
753 1 1196 831 116 75 0 
754 1 1196 831 116 75 0 
755 1 1198 831 116 75 0 
756 1 1201 831 113 76 0 
757 1 1206 832 110 75 0 
758 1 1205 829 114 78 0 
759 1 1207 829 114 78 0 
760 1 1207 829 114 78 0 
761 1 1212 833 110 75 0 
762 1 1214 833 110 75 0 
763 1 1216 835 110 75 0 
764 1 1218 835 110 75 0 
765 1 1220 837 110 75 0 
766 1 1220 837 110 75 0 
767 1 1222 837 110 75 0 
768 1 1224 839 110 75 0 
769 1 1226 839 110 75 0 
770 1 1228 837 110 75 0 
771 1 1230 837 110 75 0 
772 1 1232 835 110 75 0 
773 1 1234 835 110 75 0 
774 1 1236 833 110 75 0 
775 1 1238 831 110 75 0 
776 1 1240 831 110 75 0 
777 1 1242 831 110 75 0 
778 1 1244 831 110 75 0 
779 1 1246 833 110 75 0 
780 1 1248 835 110 75 0 
781 1 1250 835 110 75 0 
782 1 1252 837 110 75 0 
783 1 1254 837 110 75 0 
784 1 1256 837 110 75 0 
785 1 1258 837 110 75 0 
786 1 1260 837 110 75 0 
787 1 1262 837 110 75 0 
788 1 1264 837 110 75 0 
789 1 1266 837 110 75 0 
790 1 1268 837 110 75 0 
791 0 
792 0 
793 0 
794 0 
795 0 
796 0 
797 0 
798 0 
799 0 
800 0 
801 0 
802 0 
803 0 
804 0 
805 0 
806 0 
807 0 
808 0 
809 0 
810 0 
811 0 
812 0 
813 0 
814 0 
815 0 
816 0 
817 0 
818 0 
819 0 
820 1 1185 790 129 115 0 
821 1 1185 790 129 115 0 
822 1 1185 786 131 119 0 
823 1 1183 785 137 120 0 
824 1 1183 785 137 120 0 
825 1 1183 785 137 120 0 
826 1 1183 785 137 120 0 
827 1 1183 785 137 120 0 
828 1 1183 785 137 120 0 
829 1 1185 787 139 118 0 
830 1 1184 786 137 119 0 
831 1 1184 786 137 119 0 
832 1 1186 792 125 114 0 
833 1 1185 787 127 119 0 
834 1 1185 787 127 119 0 
835 1 1185 787 127 119 0 
836 1 1183 787 127 119 0 
837 1 1183 787 127 119 0 
838 1 1183 787 127 119 0 
839 1 1183 787 127 119 0 
840 1 1181 787 127 119 0 
841 1 1181 787 127 119 0 
842 1 1181 787 127 119 0 
843 1 1181 789 127 119 0 
844 1 1179 789 127 119 0 
845 1 1179 789 127 119 0 
846 1 1179 789 127 119 0 
847 1 1179 789 127 119 0 
848 1 1177 789 127 119 0 
849 1 1177 789 127 119 0 
850 1 1177 787 127 119 0 
851 1 1177 787 127 119 0 
852 1 1175 787 127 119 0 
853 1 1175 787 127 119 0 
854 1 1163 793 143 114 0 
855 1 1163 793 143 114 0 
856 1 1163 795 136 112 0 
857 1 1163 795 136 112 0 
858 1 1154 799 151 109 0 
859 1 1151 801 153 107 0 
860 1 1151 801 153 107 0 
861 1 1151 803 153 107 0 
862 1 1149 803 153 107 0 
863 1 1149 803 153 107 0 
864 1 1149 805 153 107 0 
865 1 1147 805 153 107 0 
866 1 1147 805 153 107 0 
867 1 1147 807 153 107 0 
868 1 1145 807 153 107 0 
869 1 1145 807 153 107 0 
870 1 1145 805 153 107 0 
871 1 1145 805 153 107 0 
872 1 1145 805 153 107 0 
873 1 1143 803 153 107 0 
874 1 1143 803 153 107 0 
875 1 1143 803 153 107 0 
876 1 1143 803 153 107 0 
877 1 1143 803 153 107 0 
878 1 1143 803 153 107 0 
879 1 1143 801 153 107 0 
880 1 1143 803 153 107 0 
881 1 1143 803 153 107 0 
882 1 1143 803 153 107 0 
883 1 1143 803 160 112 0 
884 1 1139 800 160 112 0 
885 1 1139 800 160 112 0 
886 1 1139 800 160 112 0 
887 1 1139 800 160 112 0 
888 1 1139 800 160 112 0 
889 0 
890 0 
891 0 
892 0 
893 0 
894 0 
895 0 
896 0 
897 0 
898 0 
899 0 
900 0 
901 0 
902 0 
903 0 
904 0 
905 0 
906 0 
907 0 
908 0 
909 0 
910 0 
911 0 
912 0 
913 0 
914 0 
915 0 
916 0 
917 0 
918 0 
919 0 
920 0 
921 0 
922 0 
923 0 
924 0 
925 0 
926 0 
927 0 
928 0 
929 0 
930 0 
931 0 
932 0 
933 0 
934 0 
935 0 
936 0 
937 0 
938 0 
939 0 
940 0 
941 0 
942 0 
943 0 
944 0 
945 0 
946 0 
947 0 
948 0 
949 0 
950 0 
951 0 
952 0 
953 0 
954 0 
955 0 
956 0 
957 0 
958 0 
959 0 
960 0 
961 0 
962 0 
963 0 
964 0 
965 0 
966 0 
967 0 
968 0 
969 0 
970 0 
971 0 
972 0 
973 0 
974 0 
975 0 
976 0 
977 0 
978 0 
979 0 
980 0 
981 0 
982 0 
983 0 
984 0 
985 0 
986 0 
987 0 
988 0 
989 0 
990 0 
991 0 
992 0 
993 0 
994 0 
995 0 
996 0 
997 0 
998 0 
999 0 
1000 0 
1001 0 
1002 0 
1003 0 
1004 0 
1005 0 
1006 0 
1007 0 
1008 0 
1009 0 
1010 0 
1011 0 
1012 0 
1013 0 
1014 0 
1015 0 
1016 0 
1017 0 
1018 0 
1019 0 
1020 0 
1021 0 
1022 0 
1023 0 
1024 0 
1025 0 
1026 0 
1027 0 
1028 0 
1029 0 
1030 0 
1031 0 
1032 0 
1033 0 
1034 0 
1035 0 
1036 0 
1037 0 
1038 0 
1039 0 
1040 0 
1041 0 
1042 0 
1043 0 
1044 0 
1045 0 
1046 0 
1047 0 
1048 0 
1049 1 1218 822 107 89 0 
1050 1 1218 822 107 89 0 
1051 1 1218 822 107 89 0 
1052 1 1216 822 107 89 0 
1053 1 1216 822 107 89 0 
1054 1 1216 822 107 89 0 
1055 1 1214 822 101 84 0 
1056 1 1215 822 101 84 0 
1057 1 1213 822 97 80 0 
1058 1 1213 824 92 76 0 
1059 1 1213 824 88 73 0 
1060 1 1213 826 83 69 0 
1061 0 
1062 0 
1063 0 
1064 0 
1065 0 
1066 1 1188 790 160 119 0 
1067 1 1182 793 171 116 0 
1068 1 1180 793 171 116 0 
1069 1 1180 793 171 116 0 
1070 1 1178 793 171 116 0 
1071 1 1176 795 171 116 0 
1072 1 1176 795 171 116 0 
1073 1 1174 795 171 116 0 
1074 1 1174 795 171 116 0 
1075 1 1172 795 171 116 0 
1076 1 1170 795 171 116 0 
1077 1 1168 795 171 116 0 
1078 1 1168 795 171 116 0 
1079 1 1166 795 171 116 0 
1080 1 1164 795 171 116 0 
1081 1 1162 795 162 110 0 
1082 1 1164 796 162 110 0 
1083 1 1162 796 162 110 0 
1084 1 1160 796 162 110 0 
1085 1 1166 796 149 112 0 
1086 1 1164 796 149 112 0 
1087 1 1162 796 149 112 0 
1088 1 1162 798 149 112 0 
1089 1 1160 798 149 112 0 
1090 1 1158 798 149 112 0 
1091 1 1156 798 149 112 0 
1092 1 1156 798 149 112 0 
1093 1 1154 812 141 98 0 
1094 1 1152 812 141 98 0 
1095 1 1152 812 141 98 0 
1096 1 1150 810 141 98 0 
1097 1 1148 810 141 98 0 
1098 1 1146 808 141 98 0 
1099 1 1144 808 141 98 0 
1100 1 1144 808 141 98 0 
1101 1 1142 808 141 98 0 
1102 1 1140 808 141 98 0 
1103 1 1138 808 141 98 0 
1104 1 1138 808 141 98 0 
1105 1 1136 810 141 98 0 
1106 1 1134 810 141 98 0 
1107 1 1134 810 141 98 4 
1108 1 1132 810 141 98 4 
1109 1 1130 808 141 98 4 
1110 1 1130 808 141 98 0 
1111 1 1128 808 141 98 0 
1112 1 1126 806 134 93 4 
1113 1 1127 809 134 93 4 
1114 1 1127 809 134 93 4 
1115 1 1125 807 134 93 4 
1116 1 1125 807 141 98 4 
1117 1 1122 806 141 98 4 
1118 1 1120 806 134 93 4 
1119 1 1121 807 134 93 0 
1120 1 1121 808 134 93 0 
1121 1 1119 808 134 93 0 
1122 1 1119 809 134 93 0 
1123 0 
1124 0 
1125 0 
1126 0 
1127 0 
1128 0 
1129 0 
1130 0 
1131 0 
1132 0 
1133 0 
1134 0 
1135 0 
1136 0 
1137 0 
1138 0 
1139 0 
1140 0 
1141 0 
1142 0 
1143 0 
1144 0 
1145 0 
1146 0 
1147 0 
1148 0 
1149 1 1056 768 87 61 0 
1150 0 
1151 0 
1152 0 
1153 0 
1154 0 
1155 1 1054 765 87 61 0 
1156 0 
1157 1 1052 765 85 61 0 
1158 1 1048 764 83 63 0 
1159 0 
1160 1 1038 765 87 61 0 
1161 0 
1162 0 
1163 0 
1164 0 
1165 0 
1166 0 
1167 0 
1168 0 
1169 0 
1170 0 
1171 0 
1172 0 
1173 0 
1174 0 
1175 0 
1176 0 
1177 0 
1178 0 
1179 1 1195 832 117 76 0 
1180 1 1193 832 117 76 0 
1181 1 1193 832 117 76 0 
1182 1 1192 828 121 80 0 
1183 1 1190 828 121 80 0 
1184 1 1190 828 121 80 0 
1185 1 1188 828 121 80 0 
1186 1 1188 828 127 84 0 
1187 1 1182 826 121 80 0 
1188 1 1185 828 121 80 0 
1189 1 1183 826 121 80 0 
1190 1 1183 826 121 80 0 
1191 1 1181 826 121 80 0 
1192 1 1179 824 121 80 0 
1193 1 1177 824 121 80 0 
1194 1 1175 824 121 80 0 
1195 1 1173 824 121 80 0 
1196 1 1171 824 121 80 0 
1197 1 1169 824 121 80 0 
1198 1 1165 824 121 80 0 
1199 1 1163 824 121 80 0 
1200 1 1161 824 121 80 0 
1201 1 1157 824 121 80 0 
1202 1 1155 824 121 80 0 
1203 1 1153 824 121 80 0 
1204 1 1161 764 213 143 0 
1205 1 1159 764 213 143 0 
1206 1 1157 766 213 143 0 
1207 1 1155 766 213 143 0 
1208 1 1165 760 203 147 0 
1209 1 1163 760 203 147 0 
1210 1 1161 760 203 147 0 
1211 1 1159 760 203 147 0 
1212 1 1165 751 189 154 0 
1213 1 1163 749 189 154 0 
1214 1 1147 745 226 157 0 
1215 1 1145 745 226 157 0 
1216 1 1143 743 226 157 0 
1217 1 1150 739 205 161 0 
1218 1 1148 739 205 161 0 
1219 1 1146 739 205 161 0 
1220 1 1144 739 205 161 0 
1221 1 1142 739 205 161 0 
1222 2 1069 821 85 65 0 1139 737 209 163 0 
1223 1 1137 737 209 163 0 
1224 1 1140 728 208 173 0 
1225 1 1138 730 208 173 0 
1226 1 1136 730 208 173 0 
1227 1 1134 730 208 173 0 
1228 1 1132 730 208 173 0 
1229 1 1132 731 207 170 0 
1230 1 1130 729 207 170 0 
1231 1 1128 729 207 170 0 
1232 1 1126 727 207 170 0 
1233 2 332 767 175 118 0 1132 734 189 162 0 
1234 2 332 765 175 118 0 1125 737 195 158 0 
1235 2 334 765 175 118 0 1123 737 195 158 0 
1236 2 336 765 175 118 0 1121 737 195 158 0 
1237 2 1121 737 195 158 0 337 769 173 116 0 
1238 2 337 769 173 116 0 1124 732 191 162 0 
1239 2 1122 732 191 162 0 337 768 174 117 0 
1240 2 344 773 167 112 0 1121 738 185 156 0 
1241 2 1119 738 185 156 0 344 772 167 112 0 
1242 2 1119 738 185 156 0 343 771 169 114 0 
1243 2 1117 740 185 156 0 347 772 166 112 0 
1244 2 347 772 166 112 0 1107 736 207 157 0 
1245 2 349 772 166 112 0 1105 736 207 157 0 
1246 2 349 772 166 112 0 1108 734 199 159 0 
1247 2 356 780 155 104 0 1106 738 201 154 0 
1248 2 356 780 155 104 0 1105 749 189 143 0 
1249 2 358 780 155 104 0 1107 749 181 142 0 
1250 2 358 780 155 104 0 1101 753 194 138 0 
1251 2 360 780 155 104 0 1101 753 194 138 0 
1252 2 376 795 133 88 0 1118 754 155 136 0 
1253 2 376 795 133 88 0 1118 754 155 136 0 
1254 2 370 790 140 93 0 1098 750 191 140 0 
1255 2 370 790 140 93 0 1104 750 179 140 0 
1256 2 372 790 140 93 0 1102 750 179 140 0 
1257 2 372 790 140 93 0 1102 750 179 140 0 
1258 3 374 790 140 93 0 1100 750 179 140 0 1271 788 81 62 0 
1259 3 374 790 140 93 0 1100 750 179 140 0 1274 786 72 63 0 
1260 2 388 805 118 77 0 1102 755 175 133 0 
1261 2 388 803 118 77 0 1100 755 175 132 0 
1262 2 390 803 118 77 0 1099 752 177 134 0 
1263 2 390 801 118 77 0 1097 752 177 134 0 
1264 2 392 801 112 73 0 1099 748 175 137 0 
1265 2 383 794 126 85 0 1098 748 173 136 0 
1266 2 383 794 126 85 0 1096 748 173 136 0 
1267 2 385 794 126 85 0 1094 744 181 140 0 
1268 2 385 794 126 85 0 1097 744 171 140 0 
1269 2 387 794 126 85 0 1093 735 181 148 0 
1270 2 387 794 120 80 0 1090 735 185 148 0 
1271 2 391 794 120 80 0 1088 735 185 148 0 
1272 2 392 794 120 80 0 1091 737 185 146 0 
1273 2 393 794 120 80 0 1091 737 179 147 0 
1274 2 394 794 120 80 0 1089 737 179 147 0 
1275 2 395 794 120 80 0 1091 729 188 154 0 
1276 2 396 794 120 80 0 1089 730 189 153 0 
1277 2 397 794 120 80 0 1090 729 185 153 0 
1278 2 398 794 114 77 0 1090 729 185 153 0 
1279 2 402 796 114 77 0 1088 729 185 153 0 
1280 2 403 796 114 77 0 1088 729 185 153 0 
1281 2 404 796 114 77 0 1086 729 185 153 0 
1282 2 405 796 114 77 0 1086 730 179 151 0 
1283 2 406 796 114 77 0 1086 730 179 151 0 
1284 2 406 796 114 77 0 1084 730 179 151 0 
1285 2 407 794 108 73 0 1082 730 181 150 0 
1286 2 411 794 108 73 0 1082 731 179 148 0 
1287 2 412 794 108 73 0 1082 732 173 146 0 
1288 2 413 794 108 73 0 1079 730 179 148 0 
1289 2 413 792 108 73 0 1082 728 173 148 0 
1290 2 414 792 108 73 0 1080 729 173 146 0 
1291 2 415 790 103 69 0 1076 753 157 122 0 
1292 2 442 799 94 66 0 1080 753 151 122 0 
1293 1 1080 753 151 122 0 
1294 1 1078 751 153 123 0 
1295 1 1076 751 153 123 0 
1296 1 1076 751 155 123 0 
1297 1 1073 751 159 123 0 
1298 1 1076 750 153 124 0 
1299 1 1073 748 155 125 0 
1300 1 1070 748 159 124 0 
1301 1 1071 747 163 125 0 
1302 1 1070 745 161 127 0 
1303 1 1067 743 163 128 0 
1304 1 1066 744 168 127 0 
1305 1 1066 741 165 130 0 
1306 1 1064 739 167 132 0 
1307 1 1066 741 163 131 0 
1308 1 1065 738 163 134 0 
1309 1 1065 740 159 133 0 
1310 1 1064 739 159 134 0 
1311 1 1063 738 161 135 0 
1312 1 1063 739 158 134 0 
1313 1 1060 737 161 136 0 
1314 1 1057 738 163 134 0 
1315 1 1058 734 160 137 0 
1316 1 1057 736 161 135 0 
1317 1 1056 733 159 136 0 
1318 1 1056 734 157 134 0 
1319 1 1049 734 169 133 0 
1320 1 1052 732 159 135 0 
1321 1 1053 734 155 133 0 
1322 1 1051 734 157 132 0 
1323 1 1050 734 155 132 0 
1324 1 1047 733 155 133 0 
1325 1 1047 733 155 133 0 
1326 1 1046 736 155 131 0 
1327 1 1049 741 143 126 0 
1328 1 1049 741 143 126 0 
1329 1 1045 737 149 129 0 
1330 1 1043 734 149 130 0 
1331 1 1041 736 151 127 0 
1332 1 1041 736 147 127 0 
1333 1 1039 734 147 128 0 
1334 1 1039 734 145 127 0 
1335 1 1038 732 147 128 0 
1336 1 1037 733 143 126 0 
1337 1 1032 733 149 125 0 
1338 1 1031 733 151 124 0 
1339 1 1032 730 143 125 0 
1340 1 1030 733 143 122 0 
1341 1 1029 731 143 123 0 
1342 1 1028 731 141 123 0 
1343 1 1024 735 141 119 0 
1344 1 1024 735 139 120 0 
1345 1 1024 736 139 119 0 
1346 1 1022 733 143 123 0 
1347 1 1022 735 141 121 0 
1348 1 1019 736 141 121 0 
1349 1 1018 737 143 121 0 
1350 1 1016 737 143 121 0 
1351 1 1016 740 139 118 0 
1352 1 1013 738 145 120 0 
1353 1 1013 739 141 120 0 
1354 1 1011 739 143 120 0 
1355 1 1012 742 139 117 0 
1356 1 1009 738 143 121 0 
1357 1 1010 741 138 118 0 
1358 1 1005 738 147 119 0 
1359 1 1007 740 141 118 0 
1360 1 1007 741 141 117 0 
1361 1 1005 740 142 117 0 
1362 1 1007 734 131 121 0 
1363 1 1007 745 131 111 0 
1364 1 1002 735 139 120 0 
1365 1 1001 737 137 117 0 
1366 1 1000 734 137 119 0 
1367 2 355 681 218 157 0 999 734 140 119 0 
1368 2 357 681 218 157 0 998 739 137 114 0 
1369 2 357 679 218 157 0 998 738 135 113 0 
1370 2 359 679 218 157 0 999 734 133 117 0 
1371 2 361 679 218 157 0 998 740 133 111 0 
1372 2 363 679 218 157 0 995 740 137 112 0 
1373 2 363 679 218 157 0 998 736 129 115 0 
1374 2 365 679 207 149 0 994 741 133 111 0 
1375 2 371 683 207 149 0 994 737 133 115 0 
1376 2 371 683 207 149 0 996 744 129 108 0 
1377 2 372 681 207 149 0 996 744 129 108 0 
1378 2 373 681 207 149 0 991 737 137 113 0 
1379 2 374 681 207 149 0 991 737 137 113 0 
1380 2 377 681 207 149 0 989 737 137 113 0 
1381 2 378 681 207 149 0 992 740 131 110 0 
1382 2 379 681 207 149 0 992 740 131 110 0 
1383 2 380 681 207 149 0 988 738 135 112 0 
1384 2 381 681 207 149 0 988 738 135 112 0 
1385 2 382 681 207 149 0 986 738 135 112 0 
1386 2 383 681 207 149 0 988 741 131 109 0 
1387 2 384 681 207 149 0 986 738 133 112 0 
1388 2 385 681 207 149 0 987 735 131 115 0 
1389 2 384 687 206 143 0 985 736 133 114 0 
1390 2 386 687 206 143 0 986 741 131 110 0 
1391 2 386 687 206 143 0 984 736 133 115 0 
1392 2 388 689 206 143 0 986 746 129 105 0 
1393 2 388 689 206 143 0 985 737 129 114 0 
1394 2 390 689 206 143 0 984 737 131 114 0 
1395 2 392 689 196 136 0 984 743 131 108 0 
1396 2 397 690 206 143 0 985 740 129 111 0 
1397 2 394 687 196 136 0 986 748 129 103 0 
1398 2 399 680 205 147 0 985 742 129 108 0 
1399 2 985 742 129 108 0 400 681 203 146 0 
1400 2 402 681 203 146 0 982 735 133 115 0 
1401 2 405 687 196 139 0 985 737 125 112 0 
1402 2 985 737 125 112 0 403 684 200 141 0 
1403 2 404 685 200 140 0 961 733 173 115 0 
1404 2 406 685 200 140 0 961 735 171 113 0 
1405 2 961 735 171 113 0 409 695 189 130 0 
1406 2 961 735 171 113 0 400 691 197 134 0 
1407 2 961 735 171 113 0 410 698 186 126 0 
1408 2 411 699 185 126 0 983 742 121 105 0 
1409 2 406 695 191 129 0 958 734 171 113 0 
1410 2 411 697 187 126 0 981 739 125 108 0 
1411 2 417 702 181 122 0 958 732 171 115 0 
1412 2 417 702 181 122 0 981 741 125 107 0 
1413 2 422 698 181 126 0 982 747 121 101 0 
1414 2 420 696 184 128 0 980 737 127 113 0 
1415 2 437 713 163 112 0 979 743 129 108 0 
1416 2 418 705 179 120 0 979 742 127 110 0 
1417 2 420 707 179 120 0 978 739 131 113 0 
1418 2 420 707 179 120 0 976 742 136 110 0 
1419 2 422 707 179 120 0 976 742 136 110 0 
1420 2 422 707 179 120 0 976 742 133 110 0 
1421 2 424 707 179 120 0 978 743 131 109 0 
1422 2 426 707 179 120 0 978 740 129 112 0 
1423 2 426 707 179 120 0 979 741 127 111 0 
1424 2 428 707 179 120 0 979 745 129 107 0 
1425 2 428 707 179 120 0 958 739 169 113 0 
1426 2 430 707 179 120 0 978 750 129 103 0 
1427 2 430 707 179 120 0 977 742 133 111 0 
1428 2 432 707 179 120 0 977 742 133 111 0 
1429 2 434 709 170 114 0 978 746 129 108 0 
1430 2 436 712 170 114 0 979 751 129 103 0 
1431 2 437 712 170 114 0 977 750 133 104 0 
1432 2 438 712 170 114 0 979 752 129 102 0 
1433 2 439 712 170 114 0 979 750 129 104 0 
1434 2 440 712 170 114 0 977 749 133 104 0 
1435 2 441 712 170 114 0 977 749 133 104 0 
1436 2 442 710 170 114 0 977 745 135 107 0 
1437 2 443 710 170 114 0 977 748 135 103 0 
1438 2 444 710 170 114 0 977 740 133 110 0 
1439 2 457 693 171 128 0 978 746 133 103 0 
1440 2 978 746 133 103 0 456 692 173 128 0 
1441 2 462 698 165 122 0 978 743 131 105 0 
1442 2 462 698 165 122 0 977 742 133 106 0 
1443 2 464 698 165 122 0 957 735 171 113 0 
1444 2 464 698 165 122 0 979 741 127 106 0 
1445 2 448 685 185 131 0 979 740 125 108 0 
1446 2 448 685 185 131 0 979 739 126 109 0 
1447 2 450 685 185 131 0 979 741 125 107 0 
1448 2 450 687 185 131 0 981 741 121 107 0 
1449 2 450 685 185 131 0 957 735 171 113 0 
1450 2 452 687 185 131 0 957 735 171 113 0 
1451 2 452 687 185 131 0 975 737 133 111 0 
1452 2 452 685 185 131 0 974 741 135 107 0 
1453 2 452 685 185 131 0 981 747 123 100 0 
1454 2 454 685 185 131 0 979 745 127 102 0 
1455 2 463 703 164 111 0 960 736 167 110 0 
1456 2 469 711 153 106 0 979 732 127 112 0 
1457 2 469 711 154 103 0 979 734 127 110 0 
1458 2 469 711 154 103 0 969 734 147 110 0 
1459 2 469 711 154 103 0 978 739 131 106 0 
1460 2 468 709 158 105 0 979 738 131 107 0 
1461 2 468 711 158 105 0 978 741 131 106 0 
1462 2 468 711 158 105 0 978 742 131 106 0 
1463 2 470 713 158 105 0 961 738 165 111 0 
1464 2 470 713 158 105 0 978 738 131 113 0 
1465 2 470 715 158 105 0 979 748 131 104 0 
1466 2 470 715 158 105 0 977 742 135 111 0 
1467 2 472 715 158 105 0 977 741 135 112 0 
1468 2 472 715 158 105 0 958 743 171 112 0 
1469 2 472 715 158 105 0 979 744 133 111 0 
1470 2 472 715 158 105 0 979 750 133 106 0 
1471 2 472 715 158 105 0 980 751 131 106 0 
1472 2 474 717 158 105 0 984 744 123 113 0 
1473 2 474 717 158 105 0 978 747 133 111 0 
1474 2 474 717 158 105 0 980 752 131 107 0 
1475 2 474 717 158 105 0 980 752 131 107 0 
1476 2 474 717 158 105 0 980 752 135 107 0 
1477 2 476 717 158 105 0 980 744 135 114 0 
1478 2 476 715 158 105 0 981 751 131 105 0 
1479 2 476 715 158 105 0 981 747 135 107 0 
1480 2 476 713 158 105 0 982 746 133 107 0 
1481 2 476 711 158 105 0 979 742 139 110 0 
1482 2 476 711 158 105 0 981 742 137 109 0 
1483 2 476 711 158 105 0 981 744 137 106 0 
1484 2 475 720 146 97 0 981 737 133 112 0 
1485 2 475 720 146 97 0 981 742 135 108 0 
1486 2 475 720 146 97 0 981 742 135 108 0 
1487 2 477 723 141 95 0 979 740 137 112 0 
1488 2 477 723 141 95 0 980 739 141 114 0 
1489 2 475 725 141 95 0 980 741 141 114 0 
1490 2 471 712 156 104 0 981 747 139 108 0 
1491 2 472 713 154 103 0 981 740 137 115 0 
1492 2 472 713 154 103 0 980 748 141 107 0 
1493 2 472 713 154 103 0 981 747 140 108 0 
1494 2 470 711 154 103 0 981 737 142 117 0 
1495 2 470 711 154 103 0 961 735 179 118 0 
1496 2 470 711 154 103 4 982 737 137 115 0 
1497 2 982 735 137 115 0 464 714 155 104 4 
1498 2 464 714 155 104 4 981 742 139 108 0 
1499 2 981 742 139 108 0 463 714 156 104 4 
1500 2 470 719 149 99 4 982 736 140 113 0 
1501 2 460 712 159 106 4 985 744 134 104 0 
1502 2 459 711 160 107 4 979 729 145 119 0 
1503 2 457 711 160 107 4 982 737 141 112 0 
1504 2 982 737 141 112 0 457 710 161 108 0 
1505 2 457 710 161 108 0 983 741 137 108 0 
1506 2 455 710 161 108 0 983 737 137 112 0 
1507 2 455 710 161 108 0 985 731 135 117 0 
1508 2 453 710 161 108 0 984 742 139 106 0 
1509 2 457 712 159 106 0 983 734 143 114 0 
1510 2 983 734 143 114 0 456 710 161 108 0 
1511 2 983 734 143 114 0 454 710 161 108 0 
1512 2 454 710 161 108 0 984 730 143 117 0 
1513 2 984 730 143 117 0 459 716 154 103 0 
1514 2 457 716 154 103 0 984 734 143 115 0 
1515 2 457 718 154 103 0 982 727 147 122 0 
1516 2 455 718 154 103 0 985 740 143 109 0 
1517 2 455 718 154 103 0 985 735 143 114 0 
1518 2 453 718 154 103 0 985 738 143 111 0 
1519 2 453 718 154 103 0 985 738 143 112 0 
1520 2 451 718 161 108 0 986 740 141 111 0 
1521 2 448 715 161 108 0 986 728 141 122 0 
1522 2 436 706 173 116 0 985 739 143 111 0 
1523 2 985 739 143 111 0 435 706 173 116 0 
1524 2 436 706 173 116 0 987 736 137 112 0 
1525 2 434 706 173 116 0 987 736 137 112 0 
1526 2 434 704 173 116 0 989 725 141 121 0 
1527 2 434 702 173 116 0 988 733 143 112 0 
1528 2 432 702 173 116 0 987 725 143 118 0 
1529 2 432 700 181 121 0 990 734 143 109 0 
1530 2 428 698 181 121 0 990 727 143 116 0 
1531 2 425 698 181 121 0 990 727 143 116 0 
1532 2 425 698 181 121 0 992 737 137 107 0 
1533 2 425 700 181 121 0 992 737 137 107 0 
1534 2 422 700 181 121 0 967 724 185 122 0 
1535 2 967 726 185 122 0 426 681 195 142 0 
1536 2 424 681 195 142 0 967 725 187 123 0 
1537 2 414 695 191 129 0 989 738 139 110 0 
1538 2 412 695 191 129 0 991 740 139 109 0 
1539 2 412 695 191 129 0 989 729 143 120 0 
1540 2 410 695 191 129 0 991 739 139 110 0 
1541 2 410 695 191 129 0 989 737 143 112 0 
1542 2 408 695 191 129 0 989 737 143 112 0 
1543 2 419 680 198 145 0 990 738 139 111 0 
1544 2 417 680 198 145 0 989 730 141 118 0 
1545 2 417 680 198 145 0 991 741 135 107 0 
1546 2 415 680 198 145 0 990 738 139 110 0 
1547 2 415 678 198 145 0 990 738 139 110 0 
1548 2 413 678 198 145 0 986 735 146 111 0 
1549 2 411 678 207 152 0 989 731 139 115 0 
1550 2 406 688 199 137 0 985 728 143 117 0 
1551 2 404 693 196 133 0 989 737 137 108 0 
1552 2 402 694 195 132 0 985 729 143 116 0 
1553 2 400 694 195 132 0 989 734 135 111 0 
1554 2 400 694 195 132 0 985 736 143 110 0 
1555 2 398 696 195 132 0 988 729 133 117 0 
1556 2 396 696 195 132 0 985 736 142 110 0 
1557 2 396 696 195 132 0 985 731 139 116 0 
1558 2 394 696 195 132 0 985 731 139 116 0 
1559 2 394 696 195 132 0 985 736 139 111 0 
1560 2 392 696 195 132 0 985 736 139 111 0 
1561 2 389 692 203 138 0 988 740 133 107 0 
1562 2 387 692 203 138 0 988 736 131 110 0 
1563 2 387 690 203 138 0 988 736 131 110 0 
1564 2 385 690 203 138 0 990 741 127 104 0 
1565 2 385 690 203 138 0 990 741 127 104 0 
1566 2 383 690 203 138 0 966 730 169 114 0 
1567 2 381 690 203 138 0 967 729 171 114 0 
1568 2 381 690 203 138 0 988 737 127 106 0 
1569 2 379 663 225 168 0 987 734 127 109 0 
1570 2 377 663 225 168 0 984 734 136 109 0 
1571 2 377 663 225 168 0 989 738 123 105 0 
1572 2 375 663 225 168 0 965 734 167 110 0 
1573 2 373 663 236 176 0 987 738 125 106 0 
1574 2 367 659 225 168 0 988 735 125 109 0 
1575 2 371 663 236 176 0 970 735 161 109 0 
1576 2 365 659 236 176 0 986 739 127 106 0 
1577 2 365 659 225 168 0 985 737 129 108 0 
1578 2 367 665 236 176 0 989 742 121 103 0 
1579 2 361 661 236 176 0 986 737 133 109 0 
1580 2 361 661 236 176 0 986 737 133 109 0 
1581 2 358 660 239 176 0 971 741 159 105 0 
1582 2 354 679 228 158 0 981 739 141 107 0 
1583 2 355 686 222 151 0 988 741 125 105 0 
1584 2 353 686 222 151 0 967 736 165 109 0 
1585 2 353 686 222 151 0 973 737 153 108 0 
1586 2 973 737 153 108 0 347 681 229 156 4 
1587 2 349 679 229 158 4 985 736 129 107 0 
1588 2 343 674 235 164 4 985 735 129 108 0 
1589 2 985 735 129 108 0 348 678 229 160 4 
1590 2 346 678 229 160 4 990 744 121 101 0 
1591 2 343 683 229 156 4 988 743 121 102 0 
1592 2 341 683 229 156 4 989 741 121 104 0 
1593 2 339 683 229 156 4 989 741 121 104 0 
1594 2 337 683 229 156 4 989 745 119 100 0 
1595 2 335 683 229 156 4 969 737 161 106 0 
1596 2 333 681 240 163 4 988 736 123 107 0 
1597 2 327 678 240 163 4 985 742 125 101 0 
1598 2 324 678 240 163 4 985 738 125 104 0 
1599 2 324 678 240 163 4 985 740 127 102 0 
1600 2 321 675 240 163 4 990 741 117 100 0 
1601 2 318 675 240 163 4 985 737 127 104 0 
1602 2 318 675 240 163 4 984 740 127 101 0 
1603 2 315 675 240 163 4 969 736 157 104 0 
1604 2 312 675 252 171 4 986 737 125 103 0 
1605 2 306 656 264 187 4 986 740 124 100 0 
1606 2 304 656 264 187 4 984 740 126 100 0 
1607 2 297 664 264 181 4 984 738 128 101 0 
1608 2 298 665 262 180 4 985 740 124 100 0 
1609 2 290 658 271 188 4 969 738 152 101 0 
1610 2 288 658 271 188 4 980 739 131 100 0 
1611 2 284 658 271 188 4 982 743 123 96 0 
1612 2 282 658 271 188 4 967 737 155 102 0 
1613 2 278 656 284 197 4 967 740 151 99 0 
1614 2 271 652 284 197 4 971 738 144 100 0 
1615 2 266 652 284 197 4 970 739 141 98 0 
1616 2 263 652 284 197 4 970 738 141 99 0 
1617 2 260 652 284 197 4 969 738 141 99 0 
1618 2 257 649 284 197 4 969 738 141 99 0 
1619 2 252 651 284 197 4 967 740 141 97 0 
